-,-,-
-506, -305, 867
-507, -317, 955
-513, -343, 1053
-548, -341, 1094
-610, -365, 1141
-696, -366, 1181
-768, -362, 1276
-823, -348, 1308
-870, -368, 1331
-935, -418, 1384
-959, -425, 1364
-985, -432, 1226
-1020, -404, 1078
-1045, -360, 945
-1044, -314, 844
-1042, -269, 745
-1015, -267, 648
-988, -249, 520
-988, -249, 520
-937, -190, 401
-838, -142, 281
-748, -107, 153
-666, -61, 17
-556, -20, -112
-406, 9, -174
-260, -12, -107
-117, 1, -68
24, 30, -34
24, 30, -34
119, 61, -31
206, 49, 28
206, 49, 28
324, 6, 141
416, 5, 223
433, -5, 273
433, -5, 273
434, -35, 302
445, -124, 370
531, -184, 518
604, -196, 688
661, -227, 865
747, -233, 1132
752, -260, 1335
752, -260, 1335
673, -309, 1446
595, -393, 1544
554, -515, 1624
543, -628, 1689
553, -698, 1729
554, -707, 1757
597, -697, 1729
-,-,-
-541, -353, 1221
-501, -391, 1307
-476, -450, 1522
-471, -473, 1596
-489, -493, 1613
-510, -505, 1618
-542, -539, 1635
-571, -576, 1632
-610, -613, 1550
-654, -612, 1393
-700, -596, 1193
-740, -560, 973
-755, -509, 817
-735, -441, 703
-707, -378, 569
-678, -307, 452
-634, -233, 341
-593, -139, 240
-564, -40, 114
-486, 22, 46
-401, 38, 71
-401, 38, 71
-355, 36, 51
-285, 61, -8
-183, 56, -4
-183, 56, 103
-58, 17, 103
54, -49, 212
148, -105, 293
174, -97, 282
189, -61, 225
189, -61, 225
293, -37, 285
433, -12, 405
551, 6, 468
611, 13, 484
611, 13, 484
616, -4, 522
636, -72, 611
682, -139, 795
704, -271, 997
806, -336, 1261
806, -336, 1261
950, -387, 1615
1100, -483, 1933
-,-,-
-157, -388, 1366
-114, -415, 1533
-122, -402, 1549
-144, -388, 1548
-159, -353, 1603
-192, -367, 1626
-213, -398, 1633
-281, -412, 1536
-376, -426, 1441
-451, -432, 1282
-497, -471, 1158
-512, -511, 1098
-535, -518, 1019
-529, -482, 865
-524, -395, 667
-525, -313, 479
-520, -265, 306
-501, -187, 129
-501, -187, 129
-492, -102, 20
-440, -41, 4
-358, -75, 104
-241, -103, 166
-120, -104, 162
17, -88, 151
159, 39, 72
159, 39, 72
283, 138, 17
423, 177, 81
505, 142, 229
505, 142, 229
552, 131, 313
570, 115, 309
610, 48, 436
674, -11, 671
674, -11, 671
703, -8, 835
704, 11, 905
676, -24, 991
618, -140, 1098
643, -232, 1314
704, -247, 1486
724, -300, 1585
724, -300, 1585
714, -373, 1658
-,-,-
-148, -343, 1494
-79, -403, 1638
-84, -437, 1756
-69, -388, 1757
-89, -350, 1755
-112, -349, 1785
-144, -405, 1776
-207, -436, 1619
-272, -430, 1476
-318, -437, 1376
-363, -420, 1226
-406, -425, 1091
-401, -384, 969
-401, -341, 841
-420, -289, 738
-421, -267, 689
-384, -180, 621
-385, -116, 511
-385, -116, 511
-377, -48, 447
-349, -30, 394
-305, -38, 400
-289, -68, 390
-274, -80, 353
-254, -37, 293
-180, 25, 287
-109, 76, 286
-109, 76, 286
-72, 123, 257
-41, 123, 228
19, 104, 247
136, 129, 336
136, 129, 336
240, 121, 405
271, 125, 401
293, 133, 430
315, 124, 456
353, 65, 484
353, 65, 484
434, 9, 599
484, -32, 695
530, -94, 785
591, -120, 873
591, -120, 873
641, -104, 1007
688, -97, 1113
693, -116, 1119
739, -144, 1404
839, -159, 1433
954, -266, 1781
-,-,-
-262, -309, 1366
-232, -322, 1413
-212, -332, 1579
-195, -316, 1643
-168, -289, 1732
-139, -313, 1871
-164, -342, 1903
-216, -388, 1828
-306, -465, 1665
-378, -552, 1529
-456, -620, 1396
-503, -618, 1236
-554, -590, 1049
-594, -537, 891
-609, -481, 756
-613, -438, 610
-646, -412, 435
-663, -366, 260
-633, -270, 113
-542, -182, 20
-413, -129, -8
-273, -58, 18
-273, -58, 18
-173, -18, 22
-61, 23, 54
24, 65, 67
82, 101, 59
82, 101, 59
156, 149, 87
214, 163, 172
244, 125, 251
244, 125, 251
304, 109, 319
358, 97, 357
401, 67, 384
490, 56, 492
490, 56, 492
588, 34, 582
680, -12, 689
702, -53, 759
690, -86, 807
690, -86, 807
702, -150, 963
810, -190, 1238
949, -228, 1553
1099, -244, 1933
1177, -292, 1998
-,-,-
3, -309, 1819
-29, -390, 1824
-62, -476, 1771
-159, -575, 1618
-234, -662, 1632
-300, -700, 1540
-339, -636, 1410
-363, -544, 1269
-399, -507, 1214
-431, -486, 1157
-443, -485, 1076
-444, -461, 1008
-467, -441, 946
-489, -415, 845
-487, -382, 728
-494, -329, 612
-493, -241, 482
-459, -149, 356
-412, -94, 283
-385, -55, 197
-367, -31, 116
-367, -31, 116
-317, -76, 101
-230, -87, 134
-172, -39, 116
-133, 4, 90
-23, 92, 104
-23, 92, 104
98, 180, 189
163, 214, 305
226, 179, 401
292, 123, 493
322, 57, 570
322, 57, 570
360, -9, 641
423, -63, 731
448, -86, 772
448, -86, 772
493, -112, 848
579, -103, 974
614, -54, 1050
601, -15, 1020
603, -28, 1079
659, -41, 1192
691, -69, 1402
687, -80, 1410
687, -80, 1410
662, -122, 1454
676, -146, 1489
679, -177, 1518
667, -185, 1474
644, -168, 1433
653, -205, 1479
-,-,-
-17, -278, 1246
-43, -288, 1337
-67, -295, 1467
-66, -301, 1586
-60, -304, 1691
-78, -293, 1777
-129, -312, 1791
-218, -370, 1699
-302, -460, 1593
-380, -529, 1450
-445, -547, 1293
-493, -513, 1142
-515, -465, 1000
-547, -445, 869
-548, -407, 785
-538, -380, 708
-518, -344, 615
-496, -299, 501
-496, -299, 501
-491, -266, 384
-470, -205, 276
-421, -153, 210
-334, -102, 174
-239, -16, 130
-168, 8, 162
-102, 15, 183
-32, -20, 230
-32, -20, 230
26, -16, 264
44, 5, 250
118, 39, 270
243, 93, 337
243, 93, 337
310, 134, 398
342, 119, 424
396, 101, 491
485, 93, 620
485, 93, 620
565, 100, 720
573, 120, 774
553, 129, 791
636, 163, 921
636, 163, 921
656, 155, 1035
629, 84, 1123
617, -26, 1178
624, -173, 1466
639, -214, 1444
705, -265, 1669
754, -303, 1791
734, -309, 1838
685, -250, 1785
-,-,-
-141, -160, 1326
-96, -178, 1514
-42, -147, 1589
-44, -125, 1571
-84, -145, 1549
-110, -170, 1554
-124, -154, 1540
-143, -134, 1528
-195, -138, 1479
-233, -172, 1439
-278, -200, 1382
-330, -210, 1288
-373, -232, 1224
-416, -245, 1132
-444, -261, 1051
-473, -291, 952
-488, -272, 871
-504, -230, 774
-485, -214, 730
-479, -195, 644
-479, -195, 644
-464, -155, 553
-450, -86, 444
-424, 16, 327
-366, 86, 259
-268, 124, 288
-203, 127, 283
-151, 35, 314
-151, 35, 314
-98, -17, 330
-19, -1, 329
85, 67, 346
168, 132, 377
168, 132, 377
186, 173, 356
214, 190, 347
289, 132, 457
380, 114, 602
418, 147, 689
418, 147, 689
425, 156, 707
421, 131, 768
430, 94, 848
485, 76, 975
485, 76, 975
486, 48, 1062
468, 18, 1101
486, 17, 1057
560, 3, 1416
560, 3, 1416
604, 116, 1307
604, 11, 1431
627, -44, 1506
628, 29, 1459
638, 72, 1490
632, 99, 1464
632, 99, 1464
-,-,-
-23, -162, 1392
32, -152, 1508
74, -126, 1549
79, -110, 1566
77, -92, 1584
77, -92, 1584
79, -101, 1571
53, -133, 1617
20, -158, 1667
-12, -187, 1713
-84, -218, 1676
-179, -235, 1539
-266, -279, 1407
-311, -289, 1287
-354, -287, 1165
-410, -285, 1031
-429, -291, 954
-445, -303, 893
-461, -261, 778
-477, -232, 643
-532, -234, 524
-532, -234, 524
-599, -229, 379
-611, -209, 278
-528, -135, 262
-396, -48, 292
-299, 47, 324
-219, 96, 353
-169, 99, 370
-123, 130, 384
-123, 130, 384
-80, 142, 378
-15, 132, 441
51, 118, 522
73, 102, 517
89, 88, 459
89, 88, 459
111, 83, 385
185, 77, 409
320, 91, 556
320, 91, 556
390, 79, 684
396, 37, 726
415, 7, 758
415, 7, 758
526, 26, 894
589, 41, 991
586, 52, 980
586, 52, 980
580, 71, 981
637, 57, 1006
709, 42, 1305
710, 89, 1154
710, 89, 1154
669, 24, 1149
694, -27, 1192
693, -89, 1290
714, -97, 1322
774, -100, 1425
-,-,-
-97, -217, 1329
-96, -183, 1401
-68, -143, 1392
-67, -128, 1409
-76, -99, 1476
-36, -73, 1571
16, -66, 1720
16, -66, 1720
15, -56, 1800
-83, -114, 1708
-257, -218, 1504
-400, -324, 1300
-515, -422, 1161
-561, -476, 1081
-573, -491, 1025
-577, -480, 951
-554, -446, 860
-542, -418, 803
-487, -371, 777
-439, -344, 719
-406, -341, 665
-394, -330, 586
-379, -275, 499
-347, -203, 417
-347, -203, 417
-292, -135, 369
-207, -90, 396
-127, -50, 400
-65, -4, 377
-20, 52, 305
24, 105, 227
24, 105, 227
79, 145, 188
179, 152, 256
247, 118, 350
309, 88, 447
309, 88, 447
361, 56, 508
459, 66, 611
509, 84, 713
523, 84, 733
523, 90, 733
525, 72, 756
545, 57, 802
603, 62, 876
603, 62, 876
640, 61, 931
637, 37, 913
657, -28, 1214
654, -19, 1123
654, -19, 1123
700, -5, 1252
736, -8, 1315
-,-,-
-166, -131, 1417
-119, -96, 1500
-119, -96, 1500
-83, -62, 1448
-67, -27, 1379
-46, -40, 1444
-6, -58, 1535
31, -61, 1604
45, -53, 1631
28, -54, 1627
28, -54, 1627
-12, -78, 1596
-55, -122, 1578
-134, -184, 1497
-206, -268, 1424
-272, -329, 1312
-339, -345, 1213
-383, -326, 1114
-428, -318, 1023
-464, -307, 941
-490, -289, 842
-505, -279, 785
-525, -262, 712
-524, -243, 614
-509, -213, 507
-471, -164, 425
-419, -127, 349
-350, -82, 282
-350, -82, 282
-291, -16, 236
-199, 45, 225
-111, 116, 187
-76, 180, 114
-82, 201, 65
-42, 177, 101
-42, 177, 101
35, 95, 231
118, 53, 383
185, 47, 444
185, 47, 444
237, 56, 504
326, 92, 636
375, 100, 717
374, 67, 741
374, 67, 741
382, 31, 783
417, -11, 835
443, -48, 860
494, -36, 861
494, -36, 861
624, 9, 939
720, -5, 1250
767, 42, 1184
847, 41, 1347
847, 41, 1347
915, -18, 1477
949, -164, 1723
-,-,-
-74, -119, 1231
-23, -126, 1269
25, -101, 1352
32, -83, 1371
8, -74, 1395
8, -74, 1395
-24, -68, 1432
-50, -94, 1504
-62, -92, 1570
-85, -104, 1627
-107, -157, 1674
-117, -219, 1698
-118, -244, 1682
-143, -237, 1601
-233, -251, 1449
-329, -293, 1328
-430, -299, 1170
-532, -276, 1005
-597, -266, 876
-629, -240, 779
-639, -232, 729
-620, -219, 647
-595, -194, 524
-544, -157, 437
-544, -157, 437
-438, -129, 401
-312, -104, 402
-214, -34, 374
-154, 73, 326
-124, 145, 236
-112, 164, 162
-113, 136, 147
-110, 138, 113
-85, 139, 111
-85, 139, 111
-32, 151, 126
32, 138, 173
124, 132, 254
229, 142, 336
229, 142, 336
333, 135, 417
429, 125, 501
534, 118, 644
607, 106, 730
635, 73, 736
635, 73, 736
737, 46, 827
771, 15, 940
725, -20, 992
676, -78, 1071
676, -78, 1071
716, -115, 1253
754, -129, 1518
-,-,-
-60, -58, 1403
-27, -49, 1469
-14, -70, 1535
-14, -70, 1535
12, -68, 1620
23, -78, 1740
-11, -108, 1741
-81, -156, 1679
-171, -208, 1594
-211, -245, 1596
-208, -264, 1575
-250, -288, 1462
-361, -347, 1263
-478, -403, 1068
-548, -454, 940
-587, -466, 836
-587, -431, 710
-569, -362, 586
-549, -288, 465
-540, -223, 336
-540, -223, 336
-537, -192, 234
-507, -147, 189
-448, -114, 180
-366, -45, 161
-318, 32, 121
-266, 108, 79
-197, 145, 47
-105, 152, 111
-23, 162, 163
-23, 162, 163
59, 164, 209
135, 189, 264
182, 179, 303
256, 150, 410
256, 150, 410
340, 123, 527
379, 66, 600
413, 19, 673
466, 7, 733
466, 7, 733
523, -12, 809
634, -3, 946
740, 9, 1081
740, 9, 1081
784, -9, 1144
793, -41, 1092
804, -81, 1312
883, 64, 1233
922, 119, 1327
961, 157, 1406
961, 157, 1406
967, 108, 1540
953, 49, 1624
-,-,-
-60, -101, 1625
-68, -132, 1681
-97, -112, 1584
-136, -96, 1527
-159, -122, 1561
-171, -138, 1566
-193, -157, 1547
-209, -168, 1504
-254, -177, 1429
-265, -160, 1337
-263, -151, 1280
-281, -136, 1192
-327, -141, 1080
-361, -149, 966
-361, -149, 966
-383, -162, 889
-400, -151, 809
-452, -101, 704
-500, -35, 579
-534, -12, 458
-541, -73, 374
-485, -77, 340
-411, -85, 332
-336, -98, 358
-271, -67, 381
-271, -67, 381
-221, -59, 410
-157, -18, 403
-108, 37, 404
-89, 80, 383
-50, 137, 349
-50, 137, 349
3, 220, 298
47, 236, 327
79, 175, 398
122, 118, 433
122, 118, 433
199, 66, 510
307, 19, 634
406, 14, 736
449, 36, 778
449, 36, 778
448, 34, 768
433, 45, 758
499, 39, 873
499, 39, 873
578, 66, 986
584, 59, 985
612, -9, 1288
664, 77, 1199
664, 77, 1199
728, 37, 1356
861, 23, 1621
908, -4, 1842
884, -4, 1892
826, 50, 1952
-,-,-
82, -30, 1207
173, -26, 1272
179, -16, 1302
189, -82, 1421
187, -104, 1498
187, -104, 1498
174, -84, 1511
148, -78, 1536
113, -78, 1583
66, -107, 1639
8, -146, 1626
-85, -187, 1555
-179, -228, 1486
-235, -226, 1427
-278, -240, 1372
-326, -268, 1295
-382, -281, 1178
-418, -263, 1042
-445, -248, 909
-476, -235, 780
-478, -196, 672
-465, -161, 577
-465, -161, 577
-440, -150, 493
-425, -138, 404
-393, -115, 344
-330, -70, 309
-274, -44, 319
-220, 0, 346
-167, 54, 345
-118, 76, 354
-118, 76, 354
-78, 104, 367
-44, 108, 382
-3, 101, 411
28, 105, 396
28, 105, 396
67, 110, 365
131, 130, 383
193, 161, 432
274, 196, 504
274, 196, 626
404, 234, 626
473, 265, 723
497, 261, 816
473, 220, 841
498, 193, 897
498, 193, 897
536, 174, 985
539, 146, 1040
525, 93, 1044
529, 28, 1037
544, -7, 1084
540, -1, 1059
540, -1, 1059
643, 58, 1153
705, 38, 1248
759, 23, 1367
784, -14, 1493
788, 31, 1518
788, 31, 1518
769, 66, 1482
-,-,-
-79, -46, 1356
-73, -88, 1355
-72, -111, 1414
-21, -47, 1399
55, -11, 1524
121, 38, 1675
126, 91, 1723
126, 91, 1723
107, 115, 1703
53, 78, 1657
-25, -7, 1598
-116, -72, 1487
-177, -109, 1383
-234, -156, 1295
-282, -179, 1201
-324, -215, 1111
-356, -203, 1001
-380, -178, 907
-380, -142, 820
-380, -142, 820
-381, -120, 750
-379, -83, 672
-357, -43, 614
-339, -24, 561
-318, -1, 513
-284, 23, 503
-244, 46, 496
-244, 46, 496
-213, 59, 462
-178, 74, 404
-140, 92, 388
-75, 131, 407
5, 174, 456
5, 174, 456
53, 162, 489
47, 165, 424
27, 148, 350
27, 148, 350
90, 151, 382
216, 172, 537
250, 175, 578
224, 165, 531
224, 165, 531
187, 140, 473
230, 146, 498
317, 126, 628
380, 91, 747
424, 76, 837
424, 76, 837
500, 71, 947
593, 55, 1131
620, 49, 1189
620, 49, 1189
611, 32, 1416
594, 141, 1181
601, 117, 1239
658, 143, 1275
712, 119, 1485
779, 144, 1565
-,-,-
-63, -65, 1276
-34, -59, 1278
0, -69, 1326
0, -69, 1326
40, -36, 1360
100, 40, 1407
124, 68, 1481
112, 58, 1532
102, 32, 1626
102, 32, 1626
88, 16, 1692
61, 17, 1727
27, 1, 1740
27, 1, 1740
-11, -38, 1727
-96, -109, 1633
-225, -193, 1466
-348, -281, 1271
-454, -345, 1070
-543, -338, 901
-540, -285, 842
-506, -222, 806
-470, -164, 757
-431, -106, 712
-380, -63, 686
-371, -88, 661
-371, -88, 661
-370, -110, 611
-357, -101, 523
-355, -101, 396
-371, -107, 236
-369, -104, 98
-281, -91, 106
-144, -58, 184
-6, 8, 230
-6, 8, 230
85, 83, 255
143, 121, 301
228, 148, 382
228, 148, 382
308, 169, 447
370, 209, 513
434, 252, 548
488, 274, 625
508, 270, 655
508, 270, 655
493, 253, 647
535, 232, 692
603, 211, 786
640, 180, 871
637, 152, 906
637, 152, 906
651, 141, 951
682, 118, 1022
735, 121, 1088
722, 88, 1202
730, 99, 1163
731, 11, 1253
-,-,-
-59, -88, 1037
-75, -156, 1160
-1, -143, 1223
30, -133, 1227
95, -143, 1415
95, -143, 1415
124, -130, 1543
135, -69, 1575
145, -55, 1623
165, -78, 1716
151, -117, 1808
80, -184, 1817
0, -235, 1782
-89, -285, 1702
-183, -297, 1566
-250, -282, 1417
-283, -258, 1294
-306, -232, 1167
-343, -221, 1046
-361, -197, 954
-361, -197, 954
-347, -152, 891
-355, -145, 818
-370, -177, 750
-376, -174, 673
-379, -153, 581
-331, -97, 539
-264, -47, 505
-243, -2, 431
-249, -1, 374
-229, -8, 335
-229, -8, 335
-184, 4, 325
-123, 28, 355
-39, 81, 389
0, 94, 381
0, 94, 381
5, 64, 349
29, 55, 326
29, 55, 326
120, 79, 373
219, 118, 452
281, 150, 499
281, 150, 499
325, 175, 522
402, 194, 621
453, 211, 698
461, 183, 730
488, 165, 780
488, 165, 780
502, 149, 821
514, 144, 825
493, 92, 808
487, 40, 831
487, 40, 831
504, 1, 921
562, -44, 1054
587, -60, 1182
650, 5, 1263
650, 5, 1263
672, -11, 1360
700, -27, 1486
689, -29, 1561
713, -16, 1612
750, -47, 1705
734, -102, 1718
-,-,-
-83, -114, 1258
-61, -80, 1283
-37, -29, 1314
-46, -20, 1343
-56, -45, 1431
-42, -30, 1528
-22, 3, 1618
-22, 3, 1618
-39, 16, 1702
-77, -2, 1750
-123, -39, 1752
-187, -115, 1722
-249, -165, 1663
-296, -227, 1592
-344, -263, 1472
-402, -283, 1338
-470, -343, 1205
-562, -391, 1017
-604, -393, 835
-583, -334, 697
-564, -263, 585
-555, -202, 486
-555, -202, 486
-537, -191, 429
-512, -162, 364
-476, -101, 295
-416, -54, 276
-339, -10, 252
-263, 43, 241
-210, 80, 200
-140, 95, 187
-140, 95, 187
-71, 81, 173
16, 78, 158
113, 120, 178
198, 186, 260
198, 186, 260
250, 221, 325
257, 246, 348
261, 254, 377
255, 239, 425
292, 209, 518
292, 209, 518
398, 202, 670
495, 204, 814
510, 190, 898
529, 150, 955
538, 132, 949
538, 132, 949
540, 120, 917
601, 101, 961
621, 56, 1094
603, -61, 1275
592, -131, 1454
646, -151, 1544
668, -179, 1655
668, -179, 1655
-,-,-
-175, -109, 1317
-106, -142, 1550
-94, -118, 1628
-90, -85, 1664
-53, -72, 1689
31, -71, 1730
73, -98, 1812
59, -121, 1768
22, -128, 1691
-21, -112, 1615
-21, -112, 1615
-34, -87, 1578
-46, -100, 1536
-70, -130, 1473
-122, -169, 1353
-197, -199, 1217
-277, -224, 1079
-310, -246, 995
-323, -248, 901
-356, -221, 782
-370, -187, 690
-394, -126, 596
-387, -23, 473
-382, 72, 364
-381, 135, 343
-381, 135, 343
-377, 80, 374
-324, -26, 450
-302, -91, 460
-279, -83, 401
-246, -82, 333
-178, -52, 287
-115, -8, 243
-115, -8, 243
-43, 46, 234
66, 100, 301
146, 141, 358
212, 189, 370
212, 189, 370
272, 212, 361
333, 226, 417
465, 297, 548
521, 300, 658
491, 277, 637
491, 277, 637
503, 246, 665
593, 262, 783
654, 279, 904
653, 236, 953
589, 156, 952
589, 156, 952
513, 80, 926
561, 127, 1016
679, 195, 1151
716, 160, 1328
721, 142, 1288
775, 108, 1360
775, 108, 1360
847, 52, 1380
-,-,-
103, 18, 1266
154, 23, 1421
154, 23, 1421
174, 35, 1478
174, 28, 1513
185, -23, 1648
174, -41, 1706
113, -41, 1679
73, -42, 1636
73, -42, 1636
17, -71, 1628
-71, -95, 1555
-141, -117, 1478
-206, -148, 1385
-279, -165, 1246
-332, -186, 1127
-372, -210, 1011
-407, -220, 932
-412, -219, 842
-411, -198, 767
-416, -155, 681
-430, -119, 571
-447, -104, 422
-477, -88, 316
-477, -88, 316
-429, -56, 308
-301, -18, 359
-205, 17, 387
-150, 47, 406
-135, 66, 386
-118, 79, 319
-118, 79, 319
-71, 104, 297
-14, 123, 317
38, 160, 335
105, 199, 393
105, 199, 393
179, 226, 417
238, 237, 452
282, 244, 509
341, 260, 583
409, 286, 648
409, 286, 648
448, 267, 688
478, 272, 731
538, 323, 791
592, 338, 824
620, 329, 842
620, 329, 842
585, 293, 859
572, 225, 899
604, 204, 939
577, 168, 999
555, 133, 1025
555, 133, 1025
588, 67, 1147
601, 17, 1286
619, 56, 1325
590, 5, 1347
656, 18, 1479
656, 18, 1479
-,-,-
59, -39, 1282
59, -39, 1282
55, -36, 1348
45, -43, 1381
28, -56, 1374
29, -64, 1364
29, -64, 1364
22, -64, 1376
6, -39, 1394
-4, -9, 1445
-5, 11, 1495
-5, 11, 1495
-18, 6, 1538
-42, -22, 1546
-77, -55, 1510
-129, -62, 1411
-155, -55, 1346
-157, -57, 1288
-193, -67, 1203
-285, -104, 1035
-380, -166, 876
-380, -166, 876
-468, -226, 742
-485, -244, 684
-465, -222, 646
-455, -184, 576
-456, -141, 504
-454, -81, 435
-392, -34, 429
-332, 9, 439
-274, 70, 452
-274, 70, 452
-179, 142, 462
-110, 208, 431
-73, 270, 407
-56, 285, 375
-60, 228, 346
-50, 174, 347
-50, 174, 347
-22, 109, 406
48, 92, 501
148, 118, 626
220, 124, 711
220, 124, 711
222, 106, 739
251, 111, 752
297, 128, 769
349, 162, 777
417, 211, 825
417, 211, 825
456, 210, 869
474, 189, 920
507, 205, 910
512, 180, 945
513, 167, 1015
513, 167, 1015
530, 139, 1077
526, 100, 1225
513, 119, 1143
571, 137, 1292
621, 115, 1386
661, 87, 1514
683, 79, 1609
683, 79, 1609
688, 81, 1631
-,-,-
12, -19, 1196
96, -5, 1372
96, -5, 1372
130, 39, 1452
145, 77, 1465
110, 39, 1515
75, -11, 1577
75, -11, 1577
40, -60, 1629
-14, -116, 1627
-77, -168, 1606
-117, -186, 1586
-118, -159, 1567
-130, -139, 1499
-210, -178, 1351
-282, -229, 1214
-308, -228, 1143
-301, -188, 1090
-300, -168, 1047
-341, -216, 981
-396, -262, 887
-424, -266, 819
-468, -244, 714
-483, -208, 637
-482, -174, 569
-484, -169, 502
-448, -143, 451
-448, -143, 451
-408, -105, 411
-375, -52, 381
-339, -1, 379
-260, 40, 394
-171, 103, 419
-111, 147, 460
-64, 160, 476
-64, 160, 500
-23, 162, 500
-24, 144, 471
21, 166, 477
86, 185, 506
183, 197, 593
183, 197, 593
214, 195, 626
210, 198, 574
240, 188, 571
385, 189, 732
469, 172, 863
469, 172, 863
501, 188, 903
507, 221, 863
495, 256, 826
515, 283, 842
515, 283, 842
531, 263, 882
547, 238, 923
547, 208, 972
548, 163, 1022
543, 123, 1004
531, 62, 1195
531, 62, 1195
507, 40, 1250
579, -9, 1517
634, -57, 1644
-,-,-
-9, -77, 1261
35, -56, 1285
41, -35, 1423
17, 0, 1456
37, -5, 1586
37, -5, 1586
98, -77, 1793
164, -133, 1939
154, -153, 1927
89, -150, 1779
-10, -157, 1607
-74, -158, 1450
-123, -172, 1320
-161, -168, 1199
-210, -169, 1095
-237, -170, 1004
-287, -143, 926
-379, -115, 817
-379, -115, 817
-449, -138, 701
-499, -170, 657
-490, -208, 670
-434, -228, 707
-388, -163, 655
-311, -77, 595
-245, -2, 579
-215, 53, 549
-197, 68, 497
-170, 60, 459
-170, 60, 459
-138, 66, 444
-90, 114, 441
-54, 141, 442
-4, 170, 423
-4, 170, 423
-11, 192, 383
-2, 225, 358
42, 245, 384
143, 259, 475
143, 259, 475
238, 263, 551
290, 266, 580
365, 292, 631
426, 297, 703
464, 301, 785
464, 301, 785
478, 285, 810
456, 258, 805
475, 224, 858
521, 208, 943
556, 199, 1016
556, 199, 1016
551, 179, 1037
497, 150, 1020
452, 101, 977
468, 39, 1178
525, 56, 1159
563, 29, 1308
563, 29, 1308
547, -16, 1359
569, -14, 1386
562, -10, 1401
-,-,-
33, 43, 1373
33, 43, 1373
90, 27, 1484
115, 9, 1497
129, 21, 1470
129, 21, 1470
141, 4, 1521
138, 16, 1554
130, 8, 1573
112, 6, 1574
112, 6, 1574
82, 0, 1557
46, -14, 1515
17, -34, 1464
-38, -65, 1390
-38, -65, 1390
-98, -94, 1292
-144, -100, 1194
-191, -100, 1111
-221, -112, 1043
-268, -130, 970
-291, -113, 893
-298, -74, 837
-292, -41, 796
-310, -31, 759
-334, -30, 710
-356, -23, 654
-356, -23, 654
-352, -7, 612
-341, 8, 589
-322, 37, 584
-295, 92, 559
-285, 127, 526
-285, 127, 526
-268, 153, 488
-242, 165, 476
-189, 181, 501
-119, 213, 542
-100, 225, 518
-115, 214, 459
-122, 213, 426
-38, 248, 480
-38, 248, 480
63, 281, 553
123, 316, 580
140, 333, 566
174, 321, 586
174, 321, 586
212, 293, 633
267, 293, 682
321, 289, 734
330, 275, 777
336, 251, 772
336, 251, 772
348, 202, 794
401, 159, 860
494, 143, 952
516, 130, 988
458, 82, 937
458, 82, 937
434, 10, 932
465, -44, 1072
535, -51, 1235
566, -65, 1372
594, -6, 1360
594, -6, 1360
610, 15, 1437
665, 33, 1480
-,-,-
67, 36, 1550
77, 78, 1565
77, 78, 1565
96, 114, 1533
79, 87, 1548
37, 59, 1515
23, 33, 1504
23, 33, 1504
-6, 20, 1480
-31, 2, 1469
-59, -3, 1428
-95, -19, 1372
-95, -19, 1372
-145, -30, 1279
-199, -45, 1205
-238, -59, 1121
-276, -74, 1038
-309, -67, 955
-329, -65, 907
-339, -51, 842
-351, 6, 730
-378, 63, 594
-378, 63, 594
-405, 62, 504
-399, -3, 516
-392, -93, 552
-401, -134, 536
-382, -140, 524
-329, -79, 515
-329, -79, 515
-280, 18, 507
-214, 106, 501
-188, 129, 501
-174, 123, 507
-152, 121, 514
-71, 172, 544
43, 215, 632
43, 215, 632
113, 249, 678
137, 274, 641
156, 277, 615
233, 289, 667
233, 289, 667
307, 300, 774
299, 283, 792
230, 213, 757
221, 212, 757
302, 246, 853
302, 246, 853
362, 236, 947
348, 196, 975
287, 143, 948
297, 141, 958
384, 154, 1014
384, 154, 1014
454, 195, 1065
439, 180, 1064
399, 116, 1009
325, 53, 988
324, 90, 926
443, 138, 1060
443, 138, 1060
549, 202, 1142
600, 159, 1291
616, 117, 1394
602, 43, 1443
-,-,-
101, 101, 1363
132, 109, 1466
111, 47, 1562
88, 31, 1597
88, 31, 1597
40, 13, 1579
5, 32, 1533
-39, 31, 1486
-39, 31, 1486
-73, 19, 1447
-109, 5, 1383
-148, 0, 1309
-198, 15, 1227
-244, 7, 1170
-244, 7, 1170
-279, -7, 1103
-300, -22, 1061
-335, 4, 974
-386, 13, 873
-415, -15, 807
-430, -8, 724
-430, -8, 724
-456, -5, 595
-497, -62, 481
-505, -75, 372
-465, -81, 364
-366, 3, 378
-366, 3, 414
-246, 121, 414
-183, 196, 463
-153, 244, 468
-125, 251, 478
-144, 231, 455
-132, 230, 460
-84, 237, 524
-84, 237, 524
-63, 217, 501
-89, 145, 451
-77, 122, 437
73, 181, 571
212, 206, 734
212, 206, 734
278, 239, 776
297, 250, 762
298, 223, 762
306, 191, 782
306, 191, 782
298, 170, 795
325, 198, 826
408, 225, 914
423, 222, 969
384, 165, 957
384, 165, 957
371, 90, 992
417, 76, 1074
456, 63, 1154
450, 29, 1326
434, 26, 1296
434, 26, 1296
410, 2, 1304
439, 46, 1281
500, 70, 1430
576, 89, 1580
576, 89, 1580
-,-,-
33, 116, 1248
101, 87, 1443
134, 115, 1511
134, 115, 1511
144, 164, 1567
149, 179, 1627
138, 161, 1683
125, 100, 1723
85, 31, 1686
20, -26, 1608
-52, -55, 1490
-52, -55, 1490
-133, -56, 1364
-175, -69, 1253
-201, -77, 1165
-235, -101, 1103
-277, -105, 1007
-305, -85, 889
-328, -51, 795
-371, -35, 741
-378, -8, 713
-387, 1, 630
-387, 1, 630
-419, -56, 580
-410, -117, 621
-409, -157, 644
-411, -117, 588
-411, -63, 487
-401, -25, 433
-340, 22, 452
-340, 22, 452
-245, 69, 526
-161, 127, 531
-114, 182, 518
-76, 212, 484
-76, 201, 423
-70, 179, 383
-70, 179, 383
-11, 169, 407
76, 174, 475
156, 206, 560
190, 229, 574
190, 229, 574
195, 234, 571
206, 212, 591
253, 193, 647
334, 198, 725
403, 197, 808
403, 197, 808
451, 183, 904
478, 138, 980
500, 109, 993
522, 98, 1025
603, 105, 1141
603, 105, 1141
697, 149, 1267
689, 153, 1328
621, 129, 1324
561, 119, 1318
538, 105, 1316
553, 78, 1384
552, 42, 1450
552, 42, 1450
548, 8, 1476
-,-,-
189, -46, 1329
255, 3, 1436
314, 20, 1498
314, 20, 1498
327, 34, 1488
266, 0, 1437
224, -66, 1477
185, -92, 1485
161, -93, 1479
132, -77, 1487
132, -77, 1487
92, -76, 1516
50, -93, 1491
-20, -129, 1432
-63, -140, 1376
-110, -138, 1288
-139, -127, 1209
-188, -109, 1104
-252, -87, 971
-297, -58, 869
-297, -28, 814
-297, -28, 814
-303, -50, 805
-332, -131, 840
-343, -182, 830
-377, -188, 788
-409, -161, 694
-408, -129, 643
-398, -137, 627
-388, -130, 588
-395, -46, 465
-435, -2, 368
-446, -3, 343
-446, -3, 343
-383, 11, 399
-319, 38, 427
-257, 61, 430
-217, 91, 414
-135, 90, 480
-135, 90, 480
-49, 91, 556
-2, 113, 564
51, 126, 588
108, 140, 576
108, 140, 576
136, 143, 556
225, 164, 620
309, 179, 746
333, 176, 808
333, 176, 808
323, 164, 785
326, 152, 753
395, 127, 872
445, 114, 960
426, 90, 968
426, 90, 968
457, 74, 1016
553, 64, 1106
649, 43, 1452
654, 34, 1440
654, 34, 1448
576, -7, 1448
422, -62, 1261
347, -115, 1189
438, -100, 1289
590, 15, 1438
626, 62, 1513
592, 87, 1577
592, 87, 1577
701, 8, 1976
-,-,-
274, 135, 1626
348, 204, 1817
348, 204, 1817
261, 159, 1773
84, 56, 1618
-72, -54, 1464
-153, -120, 1375
-180, -144, 1363
-231, -160, 1300
-283, -173, 1244
-340, -187, 1169
-378, -166, 1077
-389, -156, 1004
-406, -184, 972
-452, -184, 922
-489, -188, 874
-483, -184, 808
-482, -165, 689
-527, -142, 523
-556, -108, 361
-556, -108, 361
-534, -69, 285
-468, -33, 297
-388, 32, 305
-336, 93, 291
-308, 135, 239
-289, 158, 211
-225, 143, 245
-225, 143, 245
-144, 102, 328
-80, 86, 393
-47, 77, 400
13, 120, 401
120, 199, 457
120, 199, 457
229, 246, 592
268, 233, 666
292, 237, 691
320, 207, 725
373, 200, 769
373, 200, 769
400, 178, 867
414, 163, 917
437, 106, 926
437, 33, 962
437, 33, 962
462, 40, 1032
532, 73, 1136
563, 91, 1205
506, 75, 1120
440, 12, 1211
440, 12, 1211
457, 26, 1172
489, -25, 1322
511, -56, 1371
523, -98, 1455
538, -123, 1541
-,-,-
-268, 41, 1404
-198, 25, 1445
-121, 80, 1560
-33, 110, 1685
63, 135, 1853
124, 141, 1952
124, 141, 1952
117, 130, 1912
47, 76, 1818
-35, -13, 1725
-111, -79, 1608
-186, -140, 1489
-238, -159, 1374
-297, -206, 1266
-331, -229, 1175
-355, -208, 1050
-375, -166, 947
-359, -121, 890
-371, -128, 814
-403, -155, 712
-429, -174, 623
-429, -174, 623
-440, -170, 519
-415, -147, 453
-391, -107, 436
-366, -72, 410
-305, -52, 431
-249, -11, 454
-205, 23, 481
-114, 61, 532
-68, 90, 547
-68, 90, 547
-66, 133, 512
-92, 149, 421
-106, 163, 356
-48, 169, 403
-48, 169, 403
67, 196, 565
151, 231, 658
171, 202, 666
184, 187, 695
218, 200, 753
218, 200, 753
243, 192, 795
255, 176, 784
264, 140, 795
271, 101, 837
324, 98, 941
324, 98, 941
338, 78, 979
338, 73, 983
286, 39, 1004
286, 39, 1004
272, 0, 1017
299, -52, 1054
325, -77, 1212
364, -23, 1243
406, -7, 1302
484, 4, 1425
484, 4, 1425
530, -48, 1610
596, -63, 1750
621, -115, 1863
-,-,-
-80, -74, 1488
-2, -42, 1572
61, -42, 1631
77, -62, 1645
77, -62, 1645
59, -33, 1662
10, -5, 1659
-36, -25, 1644
-104, -51, 1587
-178, -104, 1543
-232, -150, 1465
-294, -182, 1356
-355, -197, 1232
-397, -190, 1103
-399, -163, 1009
-417, -156, 902
-432, -155, 822
-470, -149, 756
-470, -149, 756
-475, -153, 708
-443, -102, 656
-435, -38, 558
-452, -64, 489
-478, -198, 422
-451, -286, 514
-423, -253, 524
-379, -161, 453
-312, -52, 382
-263, 36, 360
-233, 89, 345
-233, 89, 345
-191, 102, 365
-99, 144, 434
-21, 195, 483
7, 201, 464
7, 201, 464
48, 206, 482
126, 210, 576
222, 220, 698
255, 185, 763
255, 185, 763
258, 159, 726
244, 120, 672
273, 94, 708
341, 90, 805
341, 90, 805
392, 77, 875
390, 61, 866
411, 60, 918
439, 91, 959
439, 91, 959
416, 92, 957
431, 91, 1022
452, 33, 1127
484, 4, 1312
484, 4, 1312
464, 26, 1251
476, 18, 1409
-,-,-
-163, -50, 1404
-160, -58, 1444
-94, -22, 1502
-72, -15, 1508
-78, -31, 1513
-78, -31, 1513
-73, -27, 1506
-99, -27, 1506
-110, -21, 1488
-140, -48, 1464
-191, -89, 1452
-235, -99, 1378
-255, -104, 1342
-308, -112, 1255
-346, -121, 1173
-376, -104, 1106
-423, -92, 1018
-472, -96, 911
-517, -99, 784
-538, -94, 709
-538, -94, 709
-521, -98, 709
-483, -82, 681
-491, -87, 621
-513, -91, 534
-468, -86, 540
-426, -65, 521
-374, -20, 498
-338, 34, 453
-338, 34, 453
-324, 89, 392
-296, 127, 324
-272, 129, 336
-214, 117, 442
-120, 157, 506
-58, 196, 503
-58, 196, 503
-9, 212, 506
20, 228, 520
59, 261, 542
111, 244, 601
111, 244, 601
150, 206, 664
147, 170, 670
154, 126, 675
202, 129, 749
236, 146, 809
236, 146, 809
237, 138, 808
208, 79, 790
210, 10, 862
270, 22, 960
270, 22, 960
360, 52, 1092
401, 63, 1132
354, 56, 1057
342, -15, 1208
342, -15, 1208
388, 27, 1215
420, 19, 1295
441, 21, 1375
452, 31, 1464
448, 36, 1502
448, 36, 1502
461, 72, 1530
476, 70, 1642
-,-,-
103, 77, 1708
49, 21, 1706
49, 21, 1706
-23, -1, 1562
-70, -20, 1462
-110, -64, 1442
-143, -116, 1417
-186, -146, 1333
-227, -182, 1269
-257, -189, 1183
-289, -187, 1124
-319, -168, 1041
-346, -137, 953
-383, -124, 879
-406, -107, 821
-421, -88, 767
-421, -88, 767
-430, -50, 685
-451, -35, 584
-500, -43, 494
-506, -55, 448
-476, -90, 463
-429, -85, 521
-393, -66, 552
-357, -35, 556
-357, -35, 556
-343, 10, 505
-336, 29, 426
-323, 23, 373
-286, 51, 342
-201, 89, 365
-201, 89, 365
-96, 164, 417
-43, 202, 413
-32, 199, 367
8, 184, 351
8, 184, 351
88, 175, 462
179, 174, 608
227, 169, 691
229, 147, 747
229, 147, 747
237, 124, 812
267, 123, 899
302, 134, 935
329, 136, 951
311, 89, 969
311, 89, 969
343, 34, 988
418, 21, 1033
538, 19, 1202
607, 27, 1375
607, 27, 1375
625, 82, 1409
627, 94, 1481
679, 114, 1589
705, 127, 1720
692, 145, 1748
666, 148, 1691
666, 148, 1691
648, 108, 1650
-,-,-
-33, -119, 1543
-7, -86, 1489
-50, -64, 1522
-93, -78, 1584
-146, -76, 1654
-210, -59, 1652
-272, -67, 1615
-291, -65, 1590
-330, -107, 1537
-389, -177, 1423
-454, -233, 1268
-491, -230, 1135
-509, -205, 1018
-522, -201, 905
-549, -210, 779
-555, -215, 673
-555, -215, 673
-542, -180, 545
-543, -168, 448
-540, -177, 400
-519, -168, 356
-495, -163, 311
-428, -97, 304
-367, -15, 292
-316, 45, 299
-238, 72, 332
-192, 58, 390
-192, 58, 390
-198, 100, 338
-182, 91, 316
-80, 118, 420
9, 167, 573
9, 167, 573
50, 208, 623
79, 206, 611
134, 186, 661
196, 172, 787
196, 172, 787
197, 155, 856
151, 160, 805
96, 158, 740
144, 147, 801
254, 147, 931
254, 151, 931
309, 147, 1010
305, 112, 1042
261, 65, 996
252, 22, 878
252, 22, 878
291, -68, 1046
331, -64, 1003
443, -18, 1100
488, -21, 1192
563, -173, 1580
677, -193, 1917
-,-,-
-202, -66, 1292
-166, -100, 1420
-138, -103, 1513
-108, -113, 1569
-85, -116, 1627
-58, -124, 1673
-55, -100, 1662
-71, -85, 1622
-105, -103, 1560
-146, -117, 1494
-166, -113, 1421
-185, -100, 1357
-213, -126, 1286
-271, -162, 1206
-335, -160, 1079
-335, -160, 1079
-370, -176, 956
-406, -206, 867
-428, -214, 738
-408, -181, 645
-364, -141, 584
-333, -98, 555
-316, -69, 497
-278, -31, 412
-241, 1, 372
-198, 44, 331
-198, 44, 331
-148, 117, 296
-78, 180, 299
-24, 211, 342
-19, 213, 369
-31, 206, 388
-31, 206, 388
9, 227, 419
55, 226, 483
84, 209, 564
99, 166, 618
99, 166, 618
134, 147, 681
187, 149, 766
195, 132, 826
150, 102, 795
150, 102, 795
143, 82, 797
210, 116, 848
237, 114, 894
244, 86, 915
244, 86, 915
259, 23, 946
332, -56, 1085
436, -69, 1235
565, -51, 1428
653, -46, 1532
756, -109, 1794
829, -150, 1973
829, -150, 1973
-,-,-
-155, -256, 1229
-122, -282, 1338
-53, -259, 1392
22, -216, 1503
22, -216, 1503
73, -200, 1629
101, -203, 1714
101, -222, 1776
52, -238, 1745
-6, -242, 1652
-64, -243, 1571
-108, -253, 1499
-148, -246, 1379
-195, -261, 1292
-232, -267, 1213
-276, -258, 1127
-308, -233, 1059
-346, -225, 980
-385, -250, 897
-418, -255, 829
-449, -238, 737
-463, -206, 660
-463, -206, 660
-480, -182, 566
-486, -147, 493
-453, -111, 457
-413, -75, 438
-375, -20, 425
-344, -14, 419
-313, -21, 419
-333, -14, 370
-319, -7, 341
-319, -7, 341
-248, 31, 341
-179, 36, 385
-102, 67, 449
-85, 95, 466
-84, 88, 451
-84, 88, 451
-13, 59, 515
99, 65, 672
160, 84, 755
160, 84, 755
149, 66, 745
172, 83, 703
252, 92, 794
252, 92, 794
315, 112, 834
302, 113, 823
284, 80, 798
326, 39, 854
326, 39, 854
448, 56, 988
566, 142, 1131
545, 169, 1119
503, 135, 1180
526, 104, 1127
-,-,-
-206, -302, 955
-186, -313, 1041
-151, -329, 1188
-131, -302, 1270
-75, -292, 1436
-12, -267, 1699
21, -277, 1949
-49, -342, 1997
-222, -403, 1913
-404, -407, 1688
-537, -373, 1472
-635, -312, 1255
-672, -277, 1109
-699, -276, 969
-715, -230, 827
-738, -200, 703
-738, -214, 606
-729, -199, 499
-729, -199, 499
-699, -120, 361
-635, -42, 291
-528, -2, 285
-416, -9, 286
-344, -42, 294
-268, -74, 268
-197, -73, 205
-147, -56, 180
-147, -56, 180
-59, -45, 208
47, -76, 274
131, -75, 315
178, -50, 347
223, -62, 375
223, -62, 375
278, -72, 439
328, -96, 558
335, -138, 651
319, -197, 701
363, -239, 821
438, -220, 876
438, -220, 876
490, -164, 912
530, -144, 969
550, -134, 1071
613, -171, 1227
-,-,-
739, -422, 1667
-,-,-
-144, -265, 1183
-140, -282, 1279
-155, -288, 1344
-173, -289, 1412
-183, -284, 1444
-196, -273, 1441
-222, -269, 1425
-222, -269, 1418
-257, -260, 1418
-299, -242, 1403
-353, -222, 1345
-400, -201, 1265
-434, -188, 1209
-449, -174, 1162
-462, -157, 1095
-471, -135, 1027
-505, -110, 929
-539, -81, 825
-575, -90, 765
-584, -100, 722
-579, -91, 638
-553, -61, 571
-535, -25, 503
-512, 3, 424
-470, 2, 360
-470, 2, 360
-431, 2, 297
-378, 21, 259
-289, 24, 243
-163, -12, 257
-163, -12, 257
-55, -5, 253
73, 10, 325
198, -3, 411
237, 0, 437
237, 0, 437
290, -6, 477
392, -21, 567
460, -47, 638
460, -47, 638
471, -59, 678
486, -89, 701
534, -128, 778
606, -136, 876
636, -144, 945
633, -159, 979
633, -159, 979
623, -167, 1015
643, -190, 1068
708, -219, 1275
758, -208, 1293
-,-,-
-79, -329, 1367
-89, -329, 1355
-64, -341, 1497
-61, -347, 1578
-58, -341, 1639
-69, -339, 1657
-108, -330, 1643
-165, -321, 1591
-227, -333, 1508
-306, -349, 1382
-385, -320, 1216
-448, -275, 1067
-478, -248, 954
-483, -217, 869
-485, -176, 789
-476, -150, 731
-476, -150, 731
-484, -149, 665
-486, -146, 603
-510, -124, 511
-523, -90, 429
-482, -54, 383
-429, -24, 362
-342, 16, 373
-264, 69, 351
-220, 118, 306
-220, 118, 306
-218, 125, 274
-151, 112, 309
-40, 70, 370
29, 65, 408
31, 71, 408
31, 71, 408
107, 31, 450
189, -3, 547
270, -25, 619
270, -25, 619
347, -49, 693
378, -62, 737
395, -61, 746
418, -64, 762
470, -94, 822
470, -94, 822
525, -125, 899
541, -161, 957
547, -186, 994
553, -183, 1024
578, -192, 1031
628, -241, 1320
621, -212, 1177
671, -293, 1375
719, -351, 1461
719, -351, 1461
-,-,-
-137, -254, 1280
-92, -270, 1315
-86, -261, 1335
-65, -293, 1410
-63, -293, 1449
-82, -277, 1449
-113, -255, 1437
-161, -248, 1414
-232, -279, 1349
-314, -260, 1239
-361, -249, 1172
-361, -249, 1172
-398, -227, 1110
-438, -215, 1057
-447, -218, 1010
-463, -201, 937
-478, -167, 864
-490, -161, 801
-493, -145, 707
-493, -121, 599
-489, -71, 476
-476, -17, 362
-441, 26, 297
-326, 110, 289
-189, 169, 344
-112, 184, 391
-112, 184, 391
-70, 113, 413
-54, -2, 470
-66, -93, 474
-49, -122, 467
-3, -87, 466
-3, -87, 466
41, -34, 473
59, 0, 460
123, -14, 521
123, -14, 521
220, -25, 615
281, -28, 693
319, -38, 748
361, -47, 788
408, -34, 817
408, -34, 817
482, -15, 882
549, -42, 988
620, -87, 1097
598, -145, 1140
-,-,-
-273, -317, 1499
-300, -288, 1603
-219, -307, 1663
-147, -303, 1782
-90, -302, 1816
-78, -301, 1833
-114, -304, 1772
-184, -320, 1663
-263, -342, 1535
-320, -345, 1402
-365, -347, 1290
-418, -344, 1174
-448, -329, 1052
-476, -312, 942
-484, -288, 853
-493, -260, 770
-511, -231, 666
-501, -222, 579
-481, -180, 475
-485, -142, 364
-485, -142, 364
-454, -89, 271
-395, -43, 212
-322, -39, 220
-205, -3, 262
-101, 47, 283
-23, 78, 294
-23, 78, 294
18, 98, 299
57, 99, 350
125, 84, 415
125, 84, 415
171, 81, 456
177, 76, 476
204, 77, 545
314, 75, 680
314, 75, 680
367, 30, 778
348, -14, 807
290, -45, 798
286, -83, 803
286, -83, 803
367, -116, 905
416, -169, 1004
398, -208, 1004
348, -309, 1009
397, -351, 1227
473, -324, 1274
589, -302, 1420
690, -323, 1556
812, -361, 1783
875, -411, 1880
-,-,-
-267, -296, 1481
-249, -292, 1570
-223, -289, 1626
-196, -258, 1648
-165, -211, 1655
-151, -180, 1624
-181, -205, 1580
-240, -245, 1494
-295, -271, 1410
-307, -276, 1340
-330, -252, 1260
-350, -209, 1143
-355, -172, 1061
-376, -113, 954
-404, -53, 860
-440, -47, 775
-458, -38, 690
-458, -38, 690
-451, -3, 600
-441, 33, 501
-444, 73, 408
-440, 94, 340
-418, 89, 305
-418, 89, 305
-365, 37, 324
-285, -15, 360
-221, 7, 350
-175, 27, 320
-103, 30, 330
-103, 30, 330
-15, -13, 404
55, -35, 427
101, -37, 427
143, -22, 404
192, -7, 429
192, -7, 429
275, -44, 541
403, -77, 679
455, -126, 734
447, -180, 764
434, -198, 802
434, -198, 802
544, -191, 907
643, -118, 948
691, -86, 1048
706, -116, 1133
769, -33, 1278
784, -53, 1333
834, -169, 1542
918, -305, 1754
-,-,-
-189, -172, 1361
-121, -145, 1363
3, -115, 1521
92, -156, 1635
37, -211, 1668
-95, -260, 1615
-193, -287, 1563
-250, -305, 1545
-284, -327, 1540
-323, -337, 1471
-374, -337, 1386
-399, -341, 1329
-421, -305, 1242
-449, -274, 1144
-494, -264, 1018
-529, -239, 901
-528, -196, 810
-478, -135, 756
-428, -51, 679
-428, -51, 679
-457, 13, 542
-495, 48, 417
-514, -21, 360
-516, -152, 299
-524, -235, 225
-455, -258, 194
-362, -233, 171
-249, -164, 186
-161, -83, 205
-161, -83, 205
-92, -52, 247
-22, -19, 308
9, -9, 364
95, -12, 504
95, -12, 504
187, -39, 686
200, -40, 760
221, -64, 806
285, -90, 853
356, -86, 956
356, -86, 956
415, -150, 1015
436, -190, 1011
452, -182, 1017
472, -193, 1038
521, -155, 1089
613, -163, 1165
660, -165, 1262
672, -161, 1354
661, -170, 1475
638, -226, 1548
632, -305, 1621
617, -383, 1685
617, -383, 1685
594, -456, 1666
-,-,-
-236, -279, 1414
-213, -283, 1475
-202, -303, 1497
-202, -303, 1540
-199, -300, 1540
-188, -277, 1580
-190, -268, 1591
-202, -263, 1586
-208, -252, 1581
-241, -217, 1533
-271, -185, 1451
-309, -227, 1393
-386, -255, 1249
-473, -243, 1083
-506, -218, 973
-497, -216, 927
-477, -205, 838
-473, -173, 717
-470, -137, 587
-472, -139, 508
-463, -144, 444
-426, -144, 405
-377, -134, 369
-343, -87, 362
-296, -21, 354
-232, 9, 344
-232, 9, 344
-156, 17, 368
-115, 37, 392
-55, 72, 425
0, 73, 435
0, 73, 435
15, 43, 473
0, 22, 477
0, 22, 477
17, 13, 490
113, -11, 588
243, -75, 724
243, -75, 724
289, -121, 783
302, -123, 773
318, -112, 761
381, -129, 819
510, -164, 967
568, -183, 1045
534, -187, 1056
523, -185, 1075
523, -185, 1075
521, -207, 1089
569, -177, 1201
584, -150, 1147
616, -207, 1258
618, -279, 1292
631, -332, 1418
701, -344, 1522
751, -337, 1652
715, -430, 1826
-,-,-
-182, -261, 1365
-104, -293, 1436
-99, -275, 1467
-89, -267, 1523
-110, -238, 1559
-156, -199, 1557
-157, -180, 1572
-127, -241, 1641
-143, -280, 1611
-247, -329, 1510
-359, -381, 1360
-451, -401, 1195
-497, -367, 1041
-507, -297, 930
-484, -226, 820
-497, -210, 716
-497, -210, 716
-496, -200, 644
-514, -190, 556
-504, -187, 499
-458, -175, 469
-436, -129, 437
-408, -97, 400
-329, -89, 429
-269, -61, 444
-227, -7, 419
-192, 22, 391
-192, 22, 391
-160, 39, 367
-123, 30, 391
-51, 35, 471
39, 24, 560
39, 24, 560
76, 42, 581
76, 60, 572
128, 56, 615
128, 56, 615
251, 15, 749
330, -32, 801
325, -35, 764
289, -55, 667
289, -55, 667
324, -55, 620
436, 4, 680
465, 37, 687
510, -11, 681
510, -11, 681
570, -103, 721
648, -131, 806
736, -143, 888
781, -180, 975
834, -266, 1148
927, -351, 1468
1031, -308, 1596
1109, -288, 1801
1102, -301, 1866
1104, -314, 1972
-,-,-
-44, -270, 1439
-49, -276, 1506
-56, -287, 1575
-60, -288, 1657
-60, -288, 1657
-100, -271, 1630
-132, -232, 1601
-140, -236, 1602
-147, -298, 1602
-213, -328, 1481
-324, -315, 1286
-423, -308, 1102
-484, -277, 954
-505, -275, 841
-513, -286, 748
-519, -238, 643
-547, -188, 548
-557, -148, 465
-546, -132, 435
-520, -121, 435
-476, -104, 448
-395, -117, 482
-288, -130, 471
-211, -86, 412
-153, 14, 358
-153, 14, 358
-73, 102, 308
5, 132, 282
69, 107, 293
114, 48, 316
114, 48, 316
173, 27, 332
174, 16, 334
231, -8, 419
231, -8, 419
283, -91, 544
380, -209, 696
506, -328, 868
571, -294, 930
646, -191, 997
720, -113, 1090
756, -81, 1145
756, -81, 1145
733, -115, 1147
702, -222, 1244
649, -222, 1097
606, -202, 1133
566, -192, 1027
549, -254, 1068
528, -340, 1165
-,-,-
-90, -171, 1581
-93, -161, 1515
-104, -157, 1585
-96, -166, 1604
-91, -181, 1584
-112, -173, 1499
-150, -182, 1413
-199, -212, 1315
-234, -191, 1207
-279, -120, 1099
-308, -77, 1030
-313, -97, 999
-316, -97, 953
-343, -60, 884
-361, -28, 787
-350, 18, 709
-350, 18, 709
-327, 83, 620
-300, 148, 559
-315, 148, 498
-355, 118, 435
-371, 60, 423
-372, -13, 468
-372, -13, 468
-347, -61, 542
-290, -55, 574
-245, -14, 570
-233, 18, 547
-222, 43, 506
-175, 23, 565
-175, 23, 565
-95, -1, 617
-55, 0, 623
-28, 19, 586
-13, 28, 576
-13, 28, 576
81, 38, 666
197, -2, 757
248, -33, 792
248, -33, 792
205, -22, 737
182, -7, 704
245, -50, 718
338, -109, 787
387, -102, 831
387, -102, 831
369, -105, 902
399, -155, 979
451, -212, 1040
440, -195, 1065
477, -175, 1135
528, -272, 1323
575, -273, 1354
571, -304, 1435
530, -262, 1391
560, -225, 1400
619, -199, 1444
701, -238, 1546
701, -238, 1546
-,-,-
-239, -273, 1437
-197, -295, 1475
-190, -282, 1449
-206, -244, 1404
-201, -227, 1405
-210, -214, 1382
-228, -206, 1360
-244, -183, 1314
-277, -169, 1258
-323, -149, 1177
-337, -147, 1128
-353, -153, 1067
-376, -155, 1019
-409, -130, 922
-446, -127, 851
-464, -103, 788
-480, -81, 740
-480, -81, 740
-488, -43, 678
-510, -38, 628
-493, 1, 589
-456, 44, 582
-401, 69, 561
-330, 53, 581
-330, 53, 581
-275, 31, 615
-248, 34, 590
-229, 48, 545
-191, 70, 513
-127, 83, 538
-127, 83, 538
-80, 99, 517
-75, 109, 472
-63, 103, 459
-21, 90, 494
-21, 90, 494
80, 66, 570
124, 25, 633
128, 9, 642
128, 9, 642
131, -10, 617
205, -25, 721
339, -67, 860
357, -75, 894
357, -75, 894
303, -41, 818
308, -55, 803
290, -70, 776
304, -29, 798
410, 0, 932
410, 0, 932
481, -36, 1022
498, -78, 1017
467, -161, 1042
440, -211, 1027
510, -231, 1245
657, -197, 1326
791, -278, 1593
-,-,-
-168, -192, 1498
-168, -192, 1498
-167, -173, 1519
-189, -129, 1493
-182, -121, 1494
-175, -117, 1480
-176, -118, 1462
-170, -130, 1458
-191, -105, 1390
-248, -80, 1292
-271, -52, 1225
-279, -60, 1161
-306, -63, 1075
-338, -21, 949
-373, 51, 813
-406, 56, 771
-427, -24, 774
-432, -39, 689
-424, -19, 627
-424, -19, 627
-413, 12, 609
-383, 11, 640
-379, -28, 640
-351, -38, 652
-297, 6, 637
-297, 6, 637
-241, 52, 615
-205, 125, 543
-215, 193, 428
-250, 187, 354
-222, 98, 435
-135, 34, 599
-135, 34, 599
-100, 0, 662
-99, 1, 670
-46, -15, 735
42, -47, 817
42, -47, 817
95, -33, 854
119, -25, 813
165, -21, 823
221, -25, 803
221, -25, 803
284, 21, 766
310, 79, 716
356, 78, 737
356, 78, 784
391, 30, 784
407, -47, 845
434, -114, 940
435, -151, 1029
414, -141, 1016
385, -162, 967
369, -121, 1061
369, -121, 1061
414, -138, 1092
468, -158, 1173
536, -204, 1296
667, -243, 1536
787, -277, 1914
900, -464, 1998
793, -465, 1997
-,-,-
-32, -232, 1479
27, -257, 1588
-10, -232, 1505
-44, -254, 1493
-81, -296, 1527
-84, -288, 1564
-84, -253, 1551
-90, -237, 1546
-123, -256, 1548
-165, -261, 1489
-223, -263, 1394
-251, -247, 1309
-283, -215, 1211
-307, -168, 1117
-336, -184, 1031
-382, -187, 924
-434, -179, 824
-452, -161, 751
-468, -135, 663
-510, -120, 557
-510, -120, 557
-573, -137, 488
-600, -174, 451
-567, -162, 425
-482, -115, 397
-399, -40, 374
-321, 51, 371
-228, 93, 396
-161, 98, 411
-103, 91, 414
-103, 91, 414
-50, 119, 384
4, 158, 390
105, 133, 431
171, 62, 493
171, 62, 493
184, 17, 507
184, 11, 506
274, 9, 594
274, 9, 594
388, -17, 709
425, -3, 761
425, -22, 812
467, -66, 862
467, -66, 862
496, -100, 926
557, -134, 1016
632, -154, 1105
631, -161, 1131
601, -249, 1181
578, -280, 1249
559, -299, 1203
574, -366, 1299
668, -427, 1476
761, -443, 1694
799, -408, 1834
-,-,-
-112, -198, 1473
-112, -198, 1473
-53, -281, 1647
-61, -234, 1598
-74, -193, 1577
-86, -189, 1572
-100, -159, 1543
-115, -156, 1508
-138, -176, 1486
-183, -201, 1460
-225, -215, 1394
-265, -230, 1319
-316, -251, 1236
-370, -249, 1132
-402, -289, 1037
-427, -291, 927
-451, -257, 835
-489, -234, 748
-547, -203, 655
-553, -188, 610
-521, -149, 549
-488, -110, 530
-456, -76, 542
-404, -38, 562
-356, -22, 575
-356, -22, 575
-318, 0, 575
-288, 30, 559
-262, 50, 524
-234, 64, 506
-180, 50, 500
-180, 50, 500
-101, 53, 520
-10, 79, 563
63, 83, 593
105, 79, 592
105, 79, 592
109, 73, 547
130, 68, 531
175, 50, 563
175, 50, 563
220, 27, 593
283, 6, 642
336, -9, 669
336, -9, 669
386, -44, 717
442, -87, 790
490, -148, 863
528, -197, 931
550, -233, 994
568, -225, 1009
594, -225, 1072
594, -222, 1072
659, -196, 1222
641, -286, 1397
555, -479, 1548
462, -663, 1617
400, -715, 1619
-,-,-
-173, -250, 1432
-173, -250, 1432
-185, -269, 1592
-199, -294, 1671
-214, -261, 1690
-256, -248, 1634
-330, -280, 1533
-382, -306, 1426
-410, -286, 1315
-416, -249, 1194
-398, -218, 1112
-374, -187, 1030
-344, -162, 942
-371, -170, 850
-380, -162, 775
-379, -113, 648
-383, -72, 543
-395, -57, 462
-393, -99, 431
-347, -91, 390
-308, -39, 338
-252, 3, 348
-252, 3, 348
-161, 0, 436
-80, -9, 505
-28, 13, 517
-28, 13, 517
-9, 32, 485
-5, 55, 470
47, 50, 503
47, 50, 503
103, 44, 525
134, 48, 518
175, 36, 513
175, 36, 513
189, -2, 505
191, -28, 517
262, -49, 598
369, -96, 730
407, -119, 830
407, -119, 830
408, -130, 881
441, -114, 934
420, -110, 966
413, -111, 1047
518, -143, 1159
547, -174, 1230
568, -120, 1263
573, -142, 1273
554, -198, 1329
621, -307, 1493
682, -353, 1645
682, -353, 1645
-,-,-
-42, -239, 1224
-2, -170, 1313
-2, -170, 1313
44, -140, 1397
80, -144, 1483
102, -165, 1581
98, -173, 1648
43, -177, 1638
-20, -180, 1598
-69, -186, 1555
-93, -172, 1514
-122, -137, 1449
-173, -110, 1334
-250, -137, 1238
-319, -150, 1133
-366, -150, 1047
-402, -140, 944
-442, -121, 849
-481, -107, 737
-481, -107, 737
-494, -101, 644
-517, -122, 542
-567, -102, 394
-587, -45, 290
-523, 8, 321
-401, -17, 435
-290, -34, 497
-221, 1, 482
-221, 1, 482
-195, 28, 454
-140, 33, 493
-69, 47, 502
-5, 84, 518
-5, 84, 518
47, 92, 541
75, 87, 564
75, 87, 564
114, 102, 562
145, 74, 565
151, -2, 539
132, -35, 478
132, -35, 478
162, 21, 481
299, 27, 626
472, -4, 769
599, -23, 909
599, -23, 909
668, -48, 983
650, -55, 999
631, -47, 957
659, -86, 976
656, -122, 930
656, -122, 930
582, -116, 773
528, -154, 1041
752, -198, 1300
-,-,-
69, -193, 1503
69, -193, 1503
31, -180, 1491
9, -197, 1457
-32, -196, 1443
-60, -227, 1478
-92, -218, 1464
-137, -195, 1438
-150, -207, 1448
-193, -216, 1424
-244, -213, 1359
-293, -178, 1284
-305, -170, 1261
-304, -203, 1228
-330, -206, 1137
-331, -160, 1058
-272, -123, 1034
-262, -117, 980
-297, -73, 870
-359, -38, 725
-442, -18, 562
-442, -18, 562
-509, -33, 465
-521, -36, 404
-504, -23, 361
-472, 2, 332
-438, 1, 371
-438, 1, 371
-362, 14, 433
-305, 35, 457
-275, 57, 430
-246, 72, 389
-228, 43, 384
-228, 43, 384
-183, 19, 417
-80, -12, 449
6, -32, 456
38, -8, 417
38, -8, 417
26, -8, 392
62, -10, 435
201, -15, 567
201, -15, 567
335, -1, 635
370, 51, 662
433, 91, 717
474, 44, 747
474, 44, 747
494, -65, 792
554, -248, 992
638, -395, 1301
706, -408, 1428
646, -371, 1427
621, -321, 1454
660, -363, 1533
660, -363, 1533
730, -371, 1655
-,-,-
-13, -301, 1466
10, -320, 1432
-29, -334, 1462
-37, -345, 1473
-39, -343, 1490
-39, -332, 1508
-61, -306, 1490
-87, -281, 1469
-115, -277, 1437
-132, -275, 1387
-173, -258, 1322
-203, -220, 1245
-242, -210, 1162
-280, -185, 1069
-340, -168, 971
-382, -160, 875
-421, -169, 780
-453, -167, 695
-470, -93, 578
-465, -31, 498
-465, -31, 498
-427, -7, 476
-358, -18, 502
-274, -7, 518
-218, 31, 506
-173, 60, 500
-173, 60, 500
-147, 77, 503
-117, 83, 497
-52, 78, 510
-19, 73, 497
3, 71, 501
3, 71, 501
19, 77, 482
58, 50, 500
58, 50, 500
112, 36, 528
167, 9, 588
167, 9, 588
192, 27, 618
209, 35, 650
268, -8, 722
371, -49, 833
371, -49, 833
456, -76, 906
469, -86, 916
453, -94, 872
429, -117, 814
402, -159, 751
402, -159, 751
406, -201, 760
502, -310, 1281
620, -355, 1282
671, -382, 1493
704, -368, 1549
730, -329, 1595
788, -255, 1643
807, -254, 1681
-,-,-
-70, -261, 1261
-32, -246, 1384
28, -233, 1521
63, -232, 1636
63, -232, 1636
43, -224, 1659
-25, -218, 1608
-117, -214, 1531
-187, -263, 1474
-236, -292, 1404
-277, -270, 1303
-324, -237, 1204
-334, -185, 1154
-337, -152, 1120
-361, -147, 1045
-420, -133, 939
-456, -102, 825
-476, -114, 741
-492, -134, 672
-519, -121, 554
-522, -64, 415
-468, 11, 352
-351, 58, 372
-351, 58, 372
-266, 64, 392
-189, 76, 395
-111, 97, 411
-56, 116, 439
-28, 127, 460
-28, 127, 460
-21, 130, 454
-2, 110, 458
68, 83, 544
158, 33, 642
158, 33, 642
162, 13, 654
108, 9, 590
100, -26, 537
100, -26, 537
134, -39, 504
163, -51, 547
299, -83, 638
464, -104, 769
588, -174, 932
588, -174, 932
632, -178, 1013
610, -168, 1020
597, -207, 1012
586, -249, 1074
680, -165, 1164
706, -172, 1146
684, -251, 1191
654, -294, 1227
650, -282, 1274
664, -258, 1363
-,-,-
-184, -285, 1344
-201, -286, 1462
-210, -287, 1517
-230, -314, 1520
-258, -318, 1499
-282, -297, 1460
-300, -310, 1446
-310, -292, 1408
-331, -258, 1346
-346, -233, 1275
-383, -185, 1163
-447, -173, 1035
-475, -170, 967
-483, -152, 890
-492, -139, 822
-494, -109, 721
-487, -101, 641
-473, -58, 566
-473, -58, 566
-469, 7, 480
-428, 65, 409
-342, 81, 410
-319, 80, 364
-336, 60, 314
-336, 60, 314
-325, -16, 344
-268, -83, 459
-186, -92, 557
-120, -76, 604
-109, -32, 597
-92, 6, 548
-92, 6, 548
-68, 27, 523
6, 29, 569
6, 29, 569
107, 30, 610
116, 32, 554
121, 41, 506
121, 41, 506
148, 37, 511
258, -10, 627
316, -70, 691
275, -64, 678
274, -108, 704
274, -108, 704
357, -181, 823
466, -229, 965
508, -245, 1081
541, -277, 1238
604, -224, 1285
770, -188, 1563
869, -176, 1680
823, -449, 1865
-,-,-
-193, -228, 1253
-142, -223, 1221
-114, -214, 1292
-90, -193, 1305
-55, -186, 1342
-39, -205, 1396
-63, -229, 1439
-100, -242, 1476
-129, -243, 1520
-165, -228, 1535
-204, -203, 1510
-242, -223, 1487
-294, -246, 1436
-343, -240, 1352
-383, -258, 1271
-410, -277, 1180
-417, -248, 1100
-414, -195, 999
-423, -160, 917
-429, -149, 824
-449, -133, 719
-473, -102, 605
-459, -83, 524
-433, -22, 452
-416, 25, 448
-416, 25, 448
-359, 32, 476
-278, 12, 559
-207, -24, 612
-182, -35, 605
-164, -31, 556
-142, -21, 551
-142, -21, 551
-94, -13, 587
-25, 24, 598
6, 59, 564
19, 77, 540
19, 77, 540
64, 82, 534
127, 47, 563
234, 39, 623
234, 39, 623
265, 62, 652
276, 79, 654
311, 56, 697
311, 56, 697
350, 1, 744
329, -13, 715
358, -49, 768
483, -114, 922
483, -114, 922
540, -132, 991
510, -114, 960
481, -140, 890
490, -265, 1131
584, -297, 1134
674, -441, 1359
692, -449, 1350
721, -417, 1425
800, -374, 1482
-,-,-
-118, -249, 1308
-149, -264, 1441
-163, -252, 1477
-165, -245, 1492
-162, -266, 1519
-187, -264, 1533
-228, -252, 1519
-271, -249, 1504
-299, -223, 1453
-320, -250, 1426
-325, -257, 1383
-337, -234, 1302
-352, -183, 1206
-362, -160, 1101
-397, -174, 998
-428, -176, 902
-450, -167, 809
-472, -164, 717
-481, -151, 643
-466, -143, 586
-466, -143, 586
-431, -123, 541
-370, -69, 507
-326, -33, 485
-285, -13, 460
-238, -30, 449
-178, -12, 419
-127, 5, 386
-70, 6, 408
-70, 6, 408
-13, 31, 441
-3, 57, 456
-3, 57, 456
25, 80, 477
40, 86, 494
98, 47, 587
98, 47, 587
173, 2, 696
207, -39, 758
221, -54, 775
221, -54, 775
244, -66, 791
285, -127, 841
341, -151, 897
392, -144, 915
431, -165, 939
446, -215, 1001
508, -215, 1022
532, -223, 1091
532, -223, 1091
511, -244, 1075
503, -259, 1128
523, -294, 1209
542, -333, 1306
566, -327, 1376
522, -307, 1590
478, -632, 1921
-,-,-
-195, -147, 1157
-148, -166, 1289
-132, -218, 1397
-137, -212, 1460
-155, -183, 1499
-170, -194, 1548
-195, -187, 1562
-238, -202, 1542
-286, -234, 1507
-323, -225, 1437
-374, -228, 1342
-419, -231, 1244
-506, -233, 1096
-562, -190, 967
-562, -190, 967
-555, -138, 884
-496, -112, 839
-440, -96, 822
-397, -83, 813
-373, -60, 771
-355, -28, 731
-340, 23, 671
-326, 51, 617
-326, 51, 617
-275, 94, 551
-235, 177, 459
-225, 206, 389
-202, 192, 377
-145, 147, 440
-115, 103, 491
-115, 71, 515
-115, 71, 515
-102, 67, 522
-66, 51, 584
-33, 28, 653
-2, 12, 705
-2, 12, 705
29, 17, 701
73, 45, 670
73, 45, 670
126, 84, 634
209, 41, 684
260, -36, 729
248, -123, 756
248, -123, 756
233, -184, 771
249, -227, 794
306, -274, 851
363, -264, 867
425, -235, 882
481, -236, 941
548, -269, 1004
629, -302, 1319
678, -259, 1261
678, -259, 1261
739, -276, 1407
696, -310, 1427
662, -393, 1507
688, -419, 1566
-,-,-
-263, -197, 1191
-257, -151, 1202
-239, -229, 1389
-276, -241, 1474
-278, -194, 1588
-247, -208, 1720
-256, -289, 1768
-275, -339, 1722
-328, -344, 1591
-406, -317, 1427
-439, -272, 1301
-451, -258, 1186
-468, -238, 1070
-498, -189, 952
-522, -190, 863
-521, -165, 789
-549, -109, 710
-587, -94, 648
-535, -103, 675
-438, -128, 757
-383, -117, 785
-360, -86, 736
-334, -46, 651
-349, -15, 552
-347, -16, 471
-347, -16, 471
-283, -57, 476
-179, -61, 484
-101, -25, 496
-55, 14, 454
-32, 37, 406
-32, 37, 406
-19, 21, 414
64, 11, 465
116, 32, 498
131, 50, 517
131, 50, 517
153, 37, 506
209, 8, 597
291, -25, 698
291, -25, 698
312, -36, 732
321, -71, 766
348, -94, 812
368, -130, 860
360, -184, 876
360, -184, 876
382, -198, 900
426, -183, 924
451, -181, 995
500, -191, 1054
529, -211, 1050
507, -261, 1135
532, -263, 1154
604, -354, 1293
666, -424, 1410
753, -497, 1532
-,-,-
-43, -216, 1521
-21, -199, 1561
9, -164, 1672
-5, -96, 1677
-45, -100, 1642
-45, -100, 1642
-76, -127, 1617
-106, -204, 1609
-152, -231, 1545
-223, -217, 1458
-261, -208, 1375
-286, -212, 1299
-318, -176, 1194
-341, -137, 1085
-361, -174, 994
-413, -171, 864
-486, -94, 698
-550, -73, 587
-517, -75, 568
-443, -87, 556
-401, -48, 500
-324, 7, 501
-324, 7, 501
-225, 18, 529
-139, 82, 500
-101, 172, 458
-80, 214, 407
-89, 198, 399
-89, 198, 399
-114, 174, 365
-137, 152, 311
-145, 109, 335
-95, 56, 383
13, 41, 446
13, 41, 446
100, 45, 454
184, 47, 497
351, 24, 667
351, 24, 667
499, 12, 790
520, 24, 819
502, 31, 795
470, 26, 805
470, 26, 805
485, 21, 808
506, -25, 831
492, -24, 797
492, -24, 797
459, -62, 844
442, -135, 899
393, -302, 920
418, -345, 1239
474, -303, 1174
595, -364, 1423
665, -393, 1532
-,-,-
-283, -303, 1344
-241, -306, 1410
-232, -326, 1508
-214, -306, 1535
-217, -307, 1511
-184, -308, 1554
-126, -285, 1592
-112, -256, 1589
-118, -275, 1575
-117, -270, 1555
-128, -271, 1522
-145, -256, 1469
-186, -264, 1388
-220, -231, 1288
-253, -225, 1227
-270, -220, 1161
-296, -218, 1109
-311, -212, 1064
-341, -214, 1020
-371, -181, 960
-408, -149, 896
-400, -119, 844
-398, -95, 784
-413, -62, 694
-433, -46, 600
-421, -38, 531
-388, -34, 495
-340, 5, 474
-340, 5, 474
-282, 22, 469
-223, 57, 461
-177, 69, 463
-141, 57, 464
-141, 57, 464
-102, 58, 458
-45, 65, 452
3, 57, 454
3, 57, 454
64, 45, 512
132, 36, 557
174, 14, 566
174, 14, 566
192, 13, 547
204, 12, 572
271, -31, 657
323, -67, 683
323, -67, 683
331, -94, 704
330, -130, 743
365, -144, 791
439, -154, 824
464, -199, 861
492, -241, 944
492, -241, 944
549, -306, 1019
654, -320, 1151
720, -331, 1192
710, -385, 1265
728, -408, 1359
683, -435, 1430
590, -503, 1422
534, -580, 1506
605, -530, 1848
-,-,-
-273, -240, 1268
-190, -277, 1378
-195, -264, 1386
-167, -249, 1422
-146, -267, 1491
-126, -271, 1560
-130, -269, 1584
-154, -279, 1563
-211, -253, 1492
-276, -257, 1402
-339, -288, 1317
-400, -260, 1225
-449, -266, 1126
-481, -276, 1042
-500, -275, 944
-493, -247, 849
-427, -188, 778
-367, -147, 744
-331, -99, 725
-331, -99, 725
-325, -37, 709
-316, -10, 620
-300, -7, 514
-292, -28, 432
-294, -5, 359
-274, 2, 291
-274, 2, 291
-233, -9, 268
-160, -2, 305
-103, 15, 307
-85, 50, 247
-85, 50, 247
-76, 55, 237
-5, 49, 312
125, 16, 444
125, 16, 444
204, 12, 505
196, 39, 483
209, 60, 511
304, 31, 648
304, 31, 648
358, 2, 756
381, 4, 783
372, -28, 838
372, -28, 838
378, -91, 929
429, -167, 1033
496, -235, 1116
532, -263, 1199
537, -313, 1260
544, -312, 1278
509, -325, 1220
544, -344, 1250
630, -385, 1395
-,-,-
-193, -200, 1451
-135, -197, 1505
-88, -201, 1578
-101, -238, 1549
-128, -250, 1569
-172, -257, 1568
-211, -251, 1538
-239, -256, 1510
-249, -293, 1477
-296, -306, 1409
-355, -270, 1288
-420, -248, 1165
-446, -228, 1049
-495, -231, 959
-505, -214, 867
-507, -203, 765
-495, -185, 717
-443, -127, 665
-409, -76, 642
-375, -18, 599
-334, -21, 592
-288, -66, 589
-288, -66, 589
-253, -99, 604
-210, -99, 630
-164, -72, 657
-123, -24, 633
-100, 20, 587
-127, 17, 510
-145, 16, 452
-145, 16, 452
-82, 11, 475
24, -21, 550
85, -16, 557
103, -26, 563
103, -26, 563
143, -35, 566
219, -58, 604
320, -81, 678
413, -105, 773
427, -104, 782
427, -104, 782
427, -121, 769
387, -122, 739
359, -104, 708
419, -131, 744
484, -173, 863
500, -198, 906
505, -260, 1130
546, -264, 1162
647, -312, 1442
647, -312, 1442
741, -332, 1656
724, -354, 1788
702, -340, 1792
-,-,-
-181, -75, 1468
-158, -125, 1608
-144, -149, 1616
-133, -184, 1603
-154, -213, 1533
-214, -224, 1407
-256, -213, 1305
-276, -178, 1225
-284, -130, 1138
-307, -130, 1052
-343, -139, 983
-368, -136, 918
-368, -136, 918
-392, -138, 859
-418, -121, 756
-432, -109, 675
-423, -106, 604
-379, -150, 602
-323, -129, 625
-282, -18, 610
-236, 93, 593
-228, 155, 576
-206, 163, 594
-186, 135, 601
-186, 135, 601
-154, 136, 568
-155, 165, 511
-146, 166, 468
-133, 102, 450
-117, 33, 453
-35, 19, 509
-35, 19, 509
54, -37, 580
95, -54, 611
91, 6, 561
91, 6, 561
129, 22, 615
212, 22, 740
246, -15, 821
246, -15, 821
254, -35, 850
229, -47, 841
285, -108, 947
364, -156, 1047
374, -184, 1065
357, -247, 1010
305, -315, 1197
361, -285, 1164
473, -310, 1361
551, -310, 1478
551, -255, 1478
552, -184, 1521
525, -116, 1492
489, -117, 1495
521, -196, 1509
473, -259, 1553
-,-,-
-144, -193, 1579
-150, -221, 1620
-152, -185, 1589
-156, -154, 1603
-135, -150, 1624
-135, -150, 1624
-139, -196, 1590
-205, -189, 1488
-261, -166, 1384
-281, -161, 1318
-290, -128, 1257
-292, -103, 1198
-311, -98, 1131
-366, -108, 1052
-411, -117, 978
-441, -84, 872
-468, -63, 778
-448, -80, 737
-433, -108, 698
-425, -71, 634
-372, -26, 635
-265, -1, 686
-187, 5, 707
-187, 5, 707
-170, 31, 656
-186, 76, 597
-206, 99, 541
-220, 110, 499
-220, 110, 499
-243, 99, 471
-226, 95, 493
-184, 74, 514
-154, 76, 505
-138, 92, 493
-138, 92, 493
-104, 68, 498
-51, 42, 506
20, 25, 546
113, 25, 578
113, 25, 578
171, 1, 579
217, 12, 564
207, 64, 528
207, 64, 528
252, 48, 561
290, -51, 642
292, -144, 739
318, -230, 876
342, -287, 965
342, -287, 965
346, -314, 907
369, -380, 1199
435, -357, 1173
531, -352, 1284
614, -312, 1381
704, -285, 1499
824, -284, 1538
882, -393, 1801
950, -637, 1998
-,-,-
-306, -97, 1427
-242, -225, 1618
-214, -403, 1801
-174, -409, 1888
-130, -359, 1903
-132, -293, 1847
-193, -286, 1712
-246, -311, 1590
-307, -305, 1448
-352, -270, 1317
-374, -239, 1204
-387, -210, 1081
-424, -172, 948
-462, -136, 815
-488, -142, 708
-533, -149, 620
-531, -113, 518
-492, -96, 439
-444, -103, 393
-444, -103, 393
-360, -98, 361
-286, -67, 344
-220, -45, 348
-155, -32, 358
-112, -22, 354
-81, -1, 346
-53, 38, 372
-53, 38, 372
24, 28, 442
101, 43, 502
126, 73, 513
126, 73, 513
114, 85, 497
154, 74, 556
221, 75, 616
271, 36, 715
271, 36, 715
312, -3, 814
333, -45, 885
323, -127, 905
290, -202, 915
290, -202, 915
262, -282, 967
281, -348, 1016
323, -397, 1051
322, -438, 1132
364, -431, 1123
426, -458, 1232
524, -437, 1316
579, -372, 1365
551, -278, 1323
562, -261, 1367
626, -286, 1452
695, -307, 1555
-,-,-
-223, -95, 1369
-178, -103, 1453
-149, -121, 1462
-132, -106, 1431
-131, -130, 1433
-123, -158, 1445
-105, -164, 1463
-93, -170, 1497
-93, -170, 1497
-115, -169, 1490
-162, -202, 1464
-174, -231, 1430
-179, -242, 1357
-215, -230, 1274
-282, -217, 1205
-377, -194, 1091
-436, -172, 989
-487, -128, 859
-565, -87, 703
-618, -96, 621
-602, -84, 539
-570, -85, 490
-503, -47, 426
-419, -28, 386
-293, -13, 373
-293, -13, 373
-156, 19, 404
-47, 67, 427
-18, 95, 399
-82, 116, 306
-92, 103, 287
-92, 103, 287
-10, 72, 360
60, 33, 438
75, 3, 507
75, 3, 507
144, -11, 606
244, -79, 744
327, -108, 818
367, -99, 837
367, -99, 837
412, -95, 821
449, -117, 811
478, -170, 859
510, -213, 897
556, -216, 937
582, -238, 977
582, -238, 977
597, -248, 1129
589, -272, 1143
533, -280, 1084
495, -275, 1069
533, -337, 1144
579, -388, 1230
576, -371, 1228
568, -358, 1248
616, -401, 1456
-,-,-
25, -169, 1404
26, -175, 1351
0, -185, 1443
-34, -174, 1457
-34, -161, 1550
-13, -129, 1633
-40, -120, 1678
-104, -141, 1662
-172, -193, 1614
-256, -248, 1550
-316, -251, 1450
-351, -238, 1319
-401, -217, 1188
-434, -186, 1054
-437, -187, 958
-439, -183, 860
-446, -160, 743
-446, -160, 743
-465, -138, 629
-482, -100, 498
-481, -48, 378
-460, -4, 299
-431, 4, 287
-347, 24, 275
-268, 29, 286
-268, 29, 286
-170, 66, 316
-97, 82, 328
-48, 76, 340
-1, 91, 361
-1, 91, 361
79, 88, 412
148, 59, 474
198, 21, 537
198, 21, 537
242, 8, 550
283, 22, 558
335, 11, 636
335, 11, 636
436, -37, 747
481, -81, 777
475, -100, 771
510, -142, 818
552, -176, 873
552, -176, 873
584, -229, 928
579, -331, 972
611, -363, 1036
693, -325, 1012
739, -292, 1286
780, -189, 1178
760, -174, 1239
712, -218, 1264
676, -335, 1396
696, -379, 1500
-,-,-
-115, -268, 1357
-60, -291, 1527
-86, -269, 1524
-121, -222, 1518
-153, -199, 1544
-186, -177, 1533
-242, -174, 1461
-291, -188, 1402
-362, -183, 1308
-408, -172, 1221
-442, -165, 1130
-440, -153, 1069
-459, -137, 969
-459, -137, 969
-488, -123, 840
-509, -107, 682
-521, -106, 565
-512, -84, 478
-486, -31, 413
-419, 25, 387
-338, 15, 437
-279, 4, 488
-279, 4, 488
-238, 21, 511
-210, 40, 507
-194, 50, 510
-161, 50, 517
-127, 55, 502
-127, 55, 502
-106, 34, 468
-98, -1, 451
-88, -21, 488
-8, -42, 574
-8, -42, 574
85, -70, 649
190, -70, 747
285, -70, 859
346, -73, 928
346, -73, 928
338, -89, 888
338, -95, 851
440, -112, 957
538, -132, 1037
531, -98, 987
477, -91, 890
477, -91, 890
487, -124, 877
521, -164, 809
504, -190, 1002
483, -183, 854
527, -229, 991
585, -300, 1115
-,-,-
-42, -250, 1548
-42, -195, 1719
-90, -174, 1772
-175, -159, 1711
-297, -178, 1602
-386, -247, 1526
-439, -281, 1434
-477, -271, 1317
-502, -242, 1193
-492, -242, 1093
-492, -211, 1093
-492, -180, 996
-486, -152, 899
-464, -106, 805
-447, -91, 738
-448, -106, 664
-457, -122, 594
-462, -109, 496
-456, -86, 440
-390, -28, 418
-254, 54, 443
-108, 150, 472
-44, 150, 459
-44, 218, 459
-69, 210, 406
-126, 132, 336
-190, 24, 259
-208, -15, 247
-128, -13, 273
-128, -13, 273
-48, -12, 323
27, 0, 370
113, 12, 459
227, -7, 594
227, -7, 594
291, -26, 697
312, 0, 752
315, -5, 780
315, -5, 780
308, -67, 809
371, -137, 926
457, -226, 1102
508, -270, 1187
509, -276, 1120
473, -332, 1324
499, -297, 1139
507, -322, 1192
516, -330, 1132
510, -386, 1178
545, -378, 1263
545, -378, 1263
576, -423, 1372
612, -406, 1467
595, -340, 1536
534, -576, 1712
-,-,-
-118, -118, 1413
-99, -94, 1417
-103, -91, 1519
-60, -143, 1597
-80, -175, 1587
-138, -181, 1539
-215, -209, 1478
-265, -220, 1408
-329, -234, 1333
-386, -227, 1273
-428, -231, 1217
-443, -222, 1156
-472, -195, 1055
-505, -159, 957
-516, -125, 860
-516, -136, 776
-516, -141, 690
-531, -94, 564
-540, -26, 435
-498, 28, 379
-498, 28, 379
-425, 29, 392
-337, -37, 468
-273, -46, 493
-243, -26, 464
-243, -33, 440
-226, -38, 436
-226, -38, 436
-187, -32, 411
-118, -22, 413
-35, -4, 424
20, 13, 406
50, 8, 372
50, 8, 372
167, -9, 478
289, -15, 597
350, -18, 651
350, -18, 651
358, -32, 684
422, -47, 741
514, -72, 857
559, -108, 937
575, -143, 962
575, -143, 962
584, -170, 988
648, -173, 1040
671, -196, 1165
600, -131, 1076
566, -135, 1133
583, -156, 1195
595, -207, 1291
616, -258, 1388
609, -279, 1451
-,-,-
-101, -267, 1504
-75, -268, 1582
-31, -292, 1683
-15, -256, 1722
-15, -256, 1722
-42, -214, 1731
-121, -184, 1661
-258, -178, 1509
-376, -196, 1338
-452, -206, 1175
-485, -188, 1065
-493, -129, 933
-508, -102, 836
-515, -112, 747
-505, -99, 681
-497, -77, 607
-471, -29, 529
-457, 6, 453
-418, 31, 423
-418, 31, 423
-365, 55, 397
-316, 56, 379
-275, 53, 374
-243, 44, 355
-227, 20, 378
-227, 20, 378
-177, 24, 398
-105, 38, 409
-44, 24, 428
10, 17, 458
10, 17, 458
68, 8, 511
135, -15, 548
178, -12, 561
178, -12, 561
246, -43, 638
336, -52, 695
391, -49, 744
458, -69, 789
519, -119, 827
519, -119, 827
569, -170, 910
578, -204, 1022
477, -174, 999
403, -208, 1041
411, -201, 1027
465, -183, 1177
538, -213, 1343
554, -247, 1477
528, -281, 1535
459, -277, 1591
306, -483, 1939
-,-,-
-55, -241, 1372
-55, -241, 1372
-32, -222, 1510
-15, -213, 1596
-16, -244, 1683
-34, -250, 1726
-91, -245, 1676
-157, -249, 1608
-240, -259, 1502
-303, -267, 1385
-346, -237, 1267
-362, -172, 1131
-395, -150, 1036
-424, -155, 966
-457, -166, 866
-474, -143, 747
-477, -88, 604
-482, -18, 485
-488, 64, 373
-496, 134, 298
-496, 134, 298
-499, 163, 287
-445, 108, 366
-360, 5, 437
-269, -116, 515
-232, -146, 540
-198, -71, 493
-146, -20, 461
-146, -20, 461
-67, -25, 454
-13, -74, 497
47, -80, 543
96, -38, 518
135, -18, 527
135, -18, 527
230, -58, 629
304, -95, 728
347, -93, 775
335, -95, 773
345, -129, 789
345, -129, 789
385, -161, 828
426, -211, 887
444, -298, 959
478, -333, 994
441, -344, 868
372, -379, 1178
428, -332, 1059
477, -366, 1256
515, -385, 1349
515, -385, 1349
488, -400, 1476
491, -356, 1482
500, -309, 1478
488, -257, 1432
-,-,-
-1, -218, 1371
6, -236, 1481
6, -236, 1481
-37, -193, 1552
-74, -149, 1602
-133, -156, 1617
-211, -192, 1588
-279, -233, 1551
-314, -243, 1489
-324, -217, 1406
-334, -185, 1297
-357, -152, 1189
-376, -126, 1097
-384, -133, 974
-398, -136, 873
-426, -118, 758
-443, -97, 665
-443, -72, 579
-415, -42, 515
-395, -10, 446
-395, -10, 446
-377, 17, 376
-355, 24, 363
-284, 34, 412
-210, 59, 448
-148, 89, 471
-148, 89, 471
-102, 112, 510
-61, 128, 531
-21, 115, 565
18, 92, 563
29, 79, 549
29, 79, 549
55, 77, 559
76, 55, 571
76, 55, 571
117, 26, 619
152, -8, 679
206, -32, 763
206, -32, 763
249, -29, 803
262, -17, 819
289, -20, 862
337, -57, 929
367, -88, 947
367, -88, 947
340, -99, 892
287, -99, 817
323, -128, 878
386, -189, 965
377, -231, 1023
411, -251, 1116
422, -326, 1256
411, -269, 1213
411, -269, 1213
418, -279, 1322
406, -301, 1295
383, -373, 1350
419, -381, 1401
448, -347, 1384
-,-,-
-10, -183, 1362
-17, -128, 1467
-26, -123, 1512
-26, -123, 1512
-26, -127, 1576
-52, -194, 1632
-100, -244, 1642
-150, -234, 1595
-196, -216, 1532
-255, -216, 1444
-311, -241, 1347
-357, -253, 1248
-361, -206, 1138
-335, -145, 1075
-294, -66, 1000
-304, -33, 881
-340, -22, 762
-373, 10, 609
-399, 17, 521
-414, -17, 519
-414, -17, 519
-425, -81, 543
-420, -119, 549
-431, -107, 522
-402, -74, 521
-326, -10, 549
-276, 9, 543
-259, 34, 483
-265, 75, 369
-265, 75, 369
-267, 144, 298
-241, 194, 269
-215, 185, 249
-139, 140, 356
13, 64, 520
13, 64, 520
115, -23, 630
117, -58, 654
153, -59, 718
224, -85, 774
224, -85, 774
298, -102, 830
346, -120, 897
412, -103, 934
463, -79, 948
489, -62, 1003
545, -65, 1074
600, -81, 1156
600, -81, 1156
616, -68, 1132
548, -140, 1310
482, -119, 1099
427, -212, 1198
393, -266, 1166
403, -327, 1137
369, -377, 1077
352, -365, 1017
424, -309, 1076
495, -216, 1279
-,-,-
-151, -117, 1334
-177, -159, 1338
-176, -179, 1417
-205, -211, 1479
-207, -241, 1537
-202, -207, 1534
-232, -170, 1494
-261, -214, 1490
-313, -268, 1470
-364, -221, 1384
-387, -182, 1314
-410, -163, 1269
-443, -150, 1184
-495, -165, 1073
-536, -180, 998
-561, -171, 941
-604, -150, 853
-619, -120, 743
-596, -98, 627
-539, -76, 545
-445, -93, 533
-331, -94, 524
-263, -94, 499
-263, -84, 499
-206, -31, 447
-163, 41, 403
-133, 91, 354
-121, 82, 338
-78, 102, 375
-78, 102, 375
-18, 137, 380
21, 154, 409
38, 157, 470
51, 161, 533
51, 161, 533
73, 141, 578
100, 129, 612
147, 96, 675
194, 41, 768
194, 41, 768
234, 2, 841
234, 0, 829
200, 7, 797
200, 7, 797
173, -7, 819
220, -37, 866
292, -65, 911
292, -65, 911
348, -104, 982
393, -137, 1033
374, -200, 1057
336, -302, 1092
288, -406, 1143
309, -374, 1300
361, -276, 1280
343, -219, 1315
342, -243, 1367
393, -279, 1475
434, -274, 1477
453, -237, 1393
421, -162, 1391
-,-,-
-212, -108, 1340
-217, -154, 1407
-221, -147, 1421
-261, -110, 1429
-286, -86, 1477
-289, -46, 1493
-281, -1, 1508
-281, -13, 1523
-303, -39, 1514
-346, -28, 1418
-346, -28, 1418
-400, -32, 1310
-418, -59, 1208
-413, -128, 1096
-406, -151, 952
-437, -111, 795
-470, -34, 669
-434, 12, 612
-393, 22, 576
-376, 24, 563
-388, -18, 631
-388, -18, 631
-370, -24, 672
-346, -15, 687
-332, 15, 650
-315, 47, 609
-260, 35, 623
-195, 0, 681
-195, 0, 681
-157, 7, 677
-171, 69, 592
-205, 161, 476
-228, 223, 412
-228, 223, 412
-195, 209, 435
-111, 182, 501
-36, 201, 505
11, 182, 534
65, 113, 594
84, 107, 589
84, 107, 589
82, 136, 545
110, 113, 539
140, 48, 542
140, 48, 542
180, -52, 645
260, -184, 851
343, -259, 1012
328, -257, 1043
331, -206, 1050
339, -181, 1073
344, -233, 1097
380, -304, 1360
382, -273, 1195
418, -329, 1324
418, -329, 1324
446, -374, 1373
496, -403, 1480
533, -407, 1535
-,-,-
-268, -302, 1301
-305, -346, 1352
-314, -301, 1459
-342, -255, 1420
-362, -271, 1403
-381, -306, 1404
-428, -359, 1369
-459, -346, 1273
-461, -304, 1184
-482, -274, 1119
-490, -246, 1046
-488, -221, 977
-482, -199, 926
-469, -136, 855
-448, -89, 796
-441, -68, 742
-429, -65, 696
-395, -42, 656
-395, -42, 656
-350, -31, 622
-306, -9, 598
-276, 0, 578
-259, 17, 558
-227, 48, 501
-227, 48, 501
-195, 40, 463
-163, 75, 445
-106, 103, 433
-69, 78, 457
-48, 44, 471
-48, 44, 471
-6, 68, 454
33, 76, 472
115, 52, 579
115, 52, 579
182, 16, 669
186, 16, 648
179, 10, 641
179, 10, 641
214, -28, 715
277, -66, 811
303, -60, 835
295, -77, 845
320, -139, 905
320, -139, 905
340, -207, 951
343, -231, 952
323, -262, 977
329, -317, 1068
360, -345, 1153
327, -416, 1308
269, -377, 1164
275, -372, 1243
350, -356, 1311
438, -386, 1476
456, -410, 1571
481, -366, 1602
481, -366, 1602
458, -364, 1617
-,-,-
-194, -318, 1352
-157, -282, 1346
-164, -306, 1441
-190, -322, 1488
-248, -331, 1429
-321, -345, 1373
-373, -354, 1343
-435, -367, 1289
-500, -359, 1241
-578, -327, 1178
-669, -308, 1069
-751, -345, 982
-789, -375, 904
-742, -347, 839
-645, -296, 775
-572, -262, 740
-526, -221, 691
-498, -157, 615
-455, -113, 571
-372, -67, 579
-372, -67, 579
-297, -16, 568
-262, 29, 520
-236, 70, 473
-210, 106, 424
-190, 104, 393
-166, 114, 374
-129, 104, 385
-129, 104, 385
-42, 95, 456
36, 99, 526
68, 78, 569
90, 50, 563
90, 50, 563
116, 34, 565
167, 28, 602
245, -2, 642
245, -2, 642
307, -38, 686
369, -38, 748
421, -59, 804
426, -76, 824
426, -76, 824
409, -124, 841
416, -161, 864
430, -185, 876
447, -250, 921
453, -325, 1052
432, -397, 1127
399, -457, 1164
360, -543, 1246
360, -519, 1322
360, -519, 1322
421, -490, 1372
460, -437, 1416
526, -355, 1475
548, -336, 1506
-,-,-
-73, -190, 1379
-73, -190, 1379
-67, -224, 1493
-91, -181, 1445
-108, -147, 1407
-115, -118, 1381
-169, -140, 1311
-242, -178, 1225
-249, -134, 1223
-208, -77, 1249
-167, -8, 1248
-144, 2, 1235
-175, -23, 1194
-227, -44, 1136
-257, -47, 1090
-282, -29, 1034
-294, -2, 962
-334, 8, 840
-334, 8, 840
-379, -6, 707
-416, 0, 579
-426, 14, 500
-426, 14, 500
-384, 12, 515
-287, 0, 539
-199, 2, 559
-166, 39, 510
-155, 55, 489
-155, 55, 489
-130, 31, 502
-101, -15, 503
-59, -27, 494
19, -33, 552
75, -11, 569
75, -11, 569
112, -12, 601
153, -22, 649
223, -50, 702
276, -53, 718
276, -53, 718
305, -54, 722
338, -94, 753
363, -150, 755
382, -181, 738
421, -193, 750
488, -195, 843
488, -195, 843
573, -197, 927
645, -207, 1013
678, -215, 1087
662, -230, 1145
657, -202, 1235
648, -153, 1224
639, -157, 1274
639, -168, 1309
647, -197, 1409
649, -208, 1461
631, -254, 1499
619, -293, 1578
598, -331, 1611
-,-,-
-53, -266, 1359
-1, -210, 1350
18, -163, 1437
20, -176, 1507
-57, -215, 1488
-140, -213, 1439
-206, -224, 1415
-240, -228, 1418
-278, -215, 1380
-329, -196, 1304
-386, -195, 1217
-430, -224, 1160
-435, -218, 1086
-452, -177, 998
-453, -134, 914
-475, -114, 817
-472, -106, 772
-477, -83, 700
-477, -83, 700
-485, -52, 623
-513, -43, 583
-531, -44, 575
-506, -60, 604
-382, -41, 650
-266, -19, 664
-208, 2, 633
-208, 2, 633
-183, 38, 575
-188, 69, 477
-181, 38, 431
-129, 35, 418
-57, 62, 457
-57, 62, 457
31, 65, 506
63, 71, 543
63, 71, 543
79, 64, 564
93, 50, 568
94, 78, 585
94, 78, 585
160, 63, 667
259, 32, 785
328, 24, 843
328, 24, 843
347, 16, 846
371, -42, 881
396, -75, 874
373, -81, 835
373, -81, 835
353, -123, 883
422, -176, 978
455, -194, 1073
457, -210, 1134
464, -234, 1127
492, -294, 1339
499, -339, 1341
456, -352, 1260
434, -374, 1248
455, -386, 1285
493, -367, 1322
555, -357, 1329
555, -357, 1329
561, -311, 1319
551, -260, 1296
608, -244, 1348
-,-,-
-87, -239, 1272
-112, -217, 1297
-122, -229, 1362
-135, -245, 1397
-137, -237, 1382
-135, -217, 1395
-161, -188, 1409
-176, -169, 1420
-184, -169, 1423
-202, -159, 1387
-210, -148, 1349
-210, -148, 1349
-228, -140, 1278
-249, -138, 1207
-250, -128, 1141
-251, -115, 1073
-263, -97, 985
-277, -88, 904
-278, -75, 818
-266, -40, 768
-248, 8, 715
-239, 40, 654
-233, 35, 626
-233, 35, 626
-226, 52, 602
-211, 46, 602
-195, 61, 584
-181, 93, 568
-154, 116, 564
-154, 116, 564
-108, 124, 585
-82, 112, 622
-65, 93, 673
-39, 109, 677
-24, 105, 680
-6, 85, 682
-6, 85, 682
8, 50, 685
16, 9, 683
16, 9, 683
30, -40, 680
30, -87, 665
30, -87, 665
22, -124, 642
77, -130, 668
148, -134, 716
216, -153, 769
258, -168, 792
288, -195, 857
288, -195, 857
317, -215, 906
348, -238, 970
375, -222, 996
366, -234, 1007
386, -222, 1114
428, -214, 1128
462, -257, 1248
461, -298, 1287
450, -364, 1367
464, -360, 1415
507, -343, 1484
573, -356, 1612
573, -356, 1612
601, -417, 1720
-,-,-
26, -222, 1365
-15, -216, 1423
-33, -250, 1447
-59, -265, 1452
-93, -275, 1453
-114, -264, 1468
-134, -235, 1449
-177, -247, 1406
-215, -241, 1337
-226, -218, 1249
-257, -188, 1170
-294, -140, 1047
-320, -115, 950
-321, -79, 886
-321, -79, 886
-290, -51, 840
-285, -35, 754
-297, -55, 687
-290, -61, 620
-260, -25, 574
-225, 14, 528
-195, 30, 521
-195, 30, 521
-169, 10, 532
-137, 10, 552
-102, 3, 571
-75, 8, 565
-75, 8, 565
-74, 19, 539
-89, 33, 513
-78, 33, 500
-78, 33, 500
-15, -1, 566
45, -31, 624
82, -23, 656
99, -25, 648
99, -25, 648
117, -27, 659
178, -55, 723
233, -116, 825
310, -162, 900
354, -200, 966
354, -200, 966
391, -243, 951
429, -352, 1303
404, -279, 1061
427, -226, 1162
421, -203, 1039
390, -267, 1167
386, -240, 1130
423, -201, 1140
452, -208, 1161
450, -229, 1201
437, -267, 1219
436, -319, 1241
396, -343, 1331
396, -343, 1331
383, -502, 1606
449, -601, 1616
-,-,-
-124, -277, 1310
-98, -305, 1416
-42, -291, 1417
-4, -289, 1443
28, -281, 1512
34, -270, 1547
34, -270, 1547
-1, -242, 1539
-28, -212, 1514
-71, -203, 1474
-127, -187, 1397
-162, -183, 1327
-191, -172, 1220
-216, -156, 1128
-234, -115, 1024
-262, -66, 913
-252, -51, 830
-246, -64, 777
-248, -55, 703
-231, -42, 638
-208, -8, 542
-208, -8, 542
-181, 5, 483
-159, -19, 456
-122, -30, 480
-88, -49, 521
-56, -22, 544
-56, -22, 544
-44, 17, 539
-52, 65, 541
-53, 90, 550
1, 61, 605
1, 61, 605
57, 35, 682
98, 32, 743
98, 32, 743
89, 16, 746
102, -16, 767
127, -75, 777
127, -75, 777
173, -85, 814
214, -100, 825
236, -121, 845
291, -148, 863
316, -178, 912
336, -207, 853
336, -207, 853
358, -245, 1128
387, -186, 1076
378, -190, 1098
362, -254, 1134
376, -307, 1221
386, -284, 1264
394, -241, 1232
371, -235, 1217
337, -256, 1171
322, -301, 1136
338, -315, 1115
335, -280, 1089
333, -254, 1123
-,-,-
-88, -340, 1565
-84, -369, 1693
-131, -348, 1636
-193, -313, 1530
-214, -318, 1466
-236, -336, 1404
-253, -380, 1342
-270, -358, 1209
-304, -277, 1069
-319, -196, 946
-320, -143, 848
-320, -151, 811
-318, -158, 770
-329, -122, 711
-329, -122, 711
-321, -82, 651
-320, -63, 619
-287, -41, 648
-271, -3, 647
-266, 16, 649
-233, 41, 643
-201, 55, 636
-201, 55, 636
-167, 67, 634
-113, 70, 622
-69, 58, 619
-44, 48, 591
-44, 48, 591
-45, 5, 545
-41, -48, 538
-18, -58, 509
0, -74, 490
0, -74, 490
42, -91, 520
105, -108, 604
173, -138, 710
231, -121, 752
231, -121, 752
233, -112, 770
269, -108, 828
323, -152, 940
367, -213, 1015
352, -271, 1064
325, -323, 1053
336, -332, 1189
309, -314, 1093
265, -346, 1086
244, -389, 1096
257, -402, 1129
257, -402, 1129
282, -394, 1122
298, -380, 1095
307, -366, 1094
386, -398, 1194
520, -555, 1291
-,-,-
-39, -271, 1265
-39, -271, 1265
-51, -283, 1347
-96, -271, 1334
-131, -239, 1343
-171, -242, 1323
-201, -256, 1276
-217, -305, 1251
-251, -335, 1244
-265, -310, 1232
-254, -261, 1207
-261, -210, 1146
-294, -172, 1070
-295, -140, 1031
-284, -116, 1011
-285, -96, 959
-319, -93, 875
-372, -71, 780
-380, -57, 721
-371, -62, 698
-335, -58, 695
-318, -35, 680
-318, -35, 680
-296, 14, 632
-270, 58, 592
-241, 89, 564
-210, 95, 547
-159, 98, 554
-159, 98, 554
-108, 92, 552
-79, 92, 540
-64, 91, 551
-29, 92, 592
-29, 92, 592
33, 68, 646
70, 15, 659
87, -17, 670
87, -17, 670
107, -42, 684
161, -71, 739
217, -99, 784
277, -129, 816
274, -152, 822
274, -152, 822
254, -186, 818
284, -215, 832
295, -232, 753
325, -306, 1098
334, -240, 904
396, -262, 1066
419, -280, 1029
468, -330, 1130
555, -357, 1268
632, -334, 1350
658, -288, 1364
658, -288, 1364
646, -285, 1346
-,-,-
-86, -311, 1433
-74, -314, 1378
-67, -303, 1461
-84, -306, 1452
-176, -281, 1335
-245, -232, 1248
-290, -208, 1203
-323, -199, 1180
-357, -197, 1165
-381, -192, 1140
-381, -193, 1124
-376, -198, 1108
-387, -193, 1056
-387, -177, 1007
-364, -132, 943
-313, -97, 886
-297, -92, 838
-304, -111, 791
-328, -123, 731
-328, -123, 731
-344, -86, 637
-366, -41, 555
-343, -22, 540
-287, -23, 572
-221, -5, 620
-191, 12, 626
-155, 27, 613
-155, 27, 613
-113, 27, 607
-87, 0, 599
-98, -31, 520
-105, -55, 423
-47, -63, 455
-47, -63, 455
99, -64, 646
189, -72, 768
179, -14, 783
143, 31, 770
143, 31, 770
175, 50, 835
220, 28, 916
254, -1, 991
235, -4, 982
235, -4, 982
164, -32, 892
150, -136, 1138
155, -142, 958
196, -254, 1045
194, -372, 1026
209, -488, 1117
279, -496, 1191
279, -496, 1191
337, -376, 1175
368, -264, 1155
423, -226, 1212
454, -258, 1261
432, -363, 1312
445, -461, 1391
541, -610, 1811
-,-,-
-41, -277, 1527
-27, -222, 1598
-79, -188, 1551
-120, -172, 1525
-172, -167, 1453
-215, -210, 1410
-252, -233, 1348
-287, -225, 1266
-310, -217, 1198
-308, -189, 1145
-293, -164, 1088
-277, -145, 1028
-276, -126, 983
-267, -118, 949
-267, -118, 949
-274, -129, 908
-273, -78, 838
-279, -41, 787
-233, -10, 776
-199, -20, 785
-157, -9, 769
-163, 5, 709
-173, 5, 650
-173, 14, 650
-180, 24, 590
-161, 35, 547
-144, 45, 510
-145, 30, 483
-145, 30, 483
-111, 52, 462
-53, 66, 451
0, 44, 502
20, 18, 554
20, 18, 554
46, 14, 602
80, 48, 635
80, 48, 635
108, 47, 679
143, -8, 757
190, -46, 805
190, -46, 805
199, -58, 809
219, -81, 813
281, -171, 863
308, -238, 907
292, -258, 914
338, -241, 922
403, -274, 945
403, -274, 945
499, -268, 1272
579, -214, 1222
620, -219, 1309
593, -230, 1273
597, -260, 1410
610, -198, 1416
619, -194, 1426
598, -260, 1479
593, -343, 1543
-,-,-
-125, -446, 1464
-167, -502, 1477
-184, -503, 1541
-251, -441, 1460
-298, -347, 1376
-280, -243, 1322
-296, -227, 1223
-301, -240, 1139
-306, -221, 1039
-294, -161, 951
-288, -98, 881
-271, -81, 860
-282, -21, 735
-281, 29, 648
-292, 53, 580
-292, 53, 580
-286, 69, 528
-252, 97, 490
-227, 130, 470
-159, 156, 509
-100, 160, 540
-75, 150, 560
-75, 150, 560
-114, 166, 513
-152, 157, 491
-126, 127, 535
-72, 74, 628
-67, 42, 655
-67, 42, 655
-76, 30, 628
-25, 35, 651
8, 15, 686
8, 15, 686
58, -40, 777
117, -65, 800
152, -78, 812
160, -108, 820
160, -108, 820
157, -139, 792
156, -149, 762
212, -154, 785
316, -158, 864
401, -183, 921
430, -230, 969
448, -291, 1016
468, -364, 1062
468, -364, 1062
447, -428, 1072
501, -425, 1183
527, -355, 1092
554, -312, 1144
577, -310, 1144
572, -361, 1220
534, -377, 1191
522, -366, 1205
522, -374, 1254
570, -426, 1353
-,-,-
-124, -307, 1346
-119, -292, 1335
-111, -301, 1443
-112, -313, 1496
-111, -240, 1506
-135, -182, 1507
-164, -123, 1459
-236, -129, 1400
-305, -191, 1343
-348, -176, 1258
-335, -122, 1215
-345, -88, 1137
-360, -60, 1060
-369, -70, 1014
-357, -80, 969
-333, -66, 894
-327, -16, 779
-323, 37, 672
-287, 57, 624
-287, 57, 624
-259, 63, 650
-226, 92, 620
-280, 63, 549
-303, -21, 593
-308, -100, 677
-282, -86, 712
-282, -86, 712
-249, -39, 709
-198, -16, 764
-183, -1, 771
-191, 23, 720
-225, 47, 628
-223, 67, 556
-223, 67, 556
-128, 61, 549
-11, 76, 623
111, 79, 718
167, 63, 753
167, 63, 753
173, 52, 729
188, -1, 707
191, -67, 729
197, -76, 727
197, -76, 727
239, -65, 724
285, -70, 767
311, -76, 828
319, -100, 856
339, -124, 884
346, -126, 946
346, -126, 946
370, -170, 1001
332, -262, 1038
371, -258, 1212
452, -241, 1235
489, -264, 1339
514, -289, 1419
562, -293, 1538
565, -266, 1530
-,-,-
35, -236, 1357
82, -266, 1491
43, -230, 1484
42, -225, 1477
42, -225, 1477
24, -249, 1476
-24, -234, 1395
-71, -227, 1325
-116, -218, 1257
-142, -217, 1213
-143, -198, 1214
-122, -161, 1225
-106, -115, 1206
-119, -79, 1150
-133, -52, 1117
-155, -41, 1090
-168, -55, 1080
-180, -61, 1040
-214, -26, 959
-253, 5, 919
-253, 5, 919
-266, 46, 895
-248, 66, 871
-239, 72, 833
-250, 81, 780
-261, 91, 717
-261, 91, 717
-263, 104, 649
-247, 107, 628
-195, 131, 622
-129, 141, 653
-74, 146, 651
-31, 162, 631
-31, 162, 631
-32, 159, 597
-36, 169, 536
-21, 147, 505
-8, 121, 524
-8, 121, 524
9, 123, 530
24, 125, 542
89, 116, 597
165, 70, 678
165, 70, 678
210, 30, 743
255, 31, 753
289, 12, 755
289, 12, 755
350, -37, 808
404, -83, 846
397, -88, 822
406, -99, 800
406, -99, 800
455, -144, 857
494, -177, 923
513, -184, 952
557, -184, 993
570, -198, 1031
534, -291, 1041
456, -314, 1205
395, -312, 962
406, -353, 1037
406, -353, 1037
442, -379, 1097
556, -402, 1291
627, -370, 1361
641, -341, 1444
681, -300, 1467
-,-,-
-52, -196, 1145
-150, -113, 1068
-38, -64, 1097
17, -42, 1101
42, -44, 1137
60, -50, 1157
60, -50, 1157
85, -64, 1222
128, -43, 1285
176, -22, 1368
201, -52, 1471
211, -75, 1547
196, -78, 1568
196, -78, 1568
180, -74, 1571
169, -93, 1575
126, -124, 1533
62, -144, 1455
16, -149, 1391
-25, -158, 1321
-71, -154, 1264
-104, -140, 1213
-136, -110, 1152
-172, -79, 1087
-200, -72, 1050
-226, -65, 1006
-277, -74, 947
-277, -74, 947
-306, -57, 887
-323, -40, 835
-335, -20, 778
-344, 15, 707
-365, 38, 608
-381, 44, 573
-381, 44, 573
-308, 75, 579
-253, 104, 570
-215, 136, 544
-154, 148, 556
-99, 162, 551
-68, 161, 563
-68, 161, 563
-38, 128, 558
-31, 121, 478
-36, 109, 365
-29, 84, 337
-29, 84, 337
42, 20, 423
144, -18, 500
222, -29, 563
305, -49, 669
305, -49, 669
395, -65, 765
429, -78, 811
458, -82, 827
509, -88, 874
567, -120, 914
562, -159, 960
562, -159, 960
561, -224, 1037
567, -313, 1107
630, -357, 1304
709, -309, 1397
707, -230, 1276
728, -217, 1357
758, -226, 1394
730, -237, 1402
733, -226, 1411
-,-,-
-107, -230, 1312
-121, -272, 1373
-133, -245, 1349
-164, -214, 1339
-198, -203, 1354
-183, -213, 1391
-202, -196, 1393
-233, -195, 1368
-250, -198, 1364
-254, -212, 1354
-273, -189, 1328
-312, -161, 1250
-326, -149, 1176
-322, -164, 1134
-315, -166, 1091
-315, -166, 1023
-315, -136, 1023
-321, -102, 935
-320, -73, 852
-341, -41, 781
-376, 7, 721
-404, 36, 693
-379, 22, 719
-329, -11, 746
-278, -41, 742
-278, -41, 742
-231, -43, 696
-222, -21, 575
-239, -12, 454
-236, -20, 413
-127, 2, 436
-40, 20, 468
-40, 20, 468
7, 13, 466
24, 8, 454
24, 8, 454
65, -5, 515
147, -21, 584
197, -16, 594
229, 17, 590
229, 17, 590
318, 49, 658
411, 42, 795
471, 25, 871
471, 25, 871
477, -2, 900
460, -23, 892
450, -39, 894
467, -35, 907
467, -35, 907
476, -32, 907
449, -46, 886
444, -59, 879
475, -108, 880
531, -172, 1035
591, -231, 1210
694, -242, 1271
694, -242, 1271
724, -250, 1342
757, -277, 1368
772, -278, 1400
746, -242, 1364
740, -217, 1353
758, -214, 1355
764, -235, 1346
-,-,-
63, -303, 1372
58, -299, 1348
40, -258, 1430
18, -224, 1439
-1, -187, 1438
-108, -141, 1404
-189, -100, 1376
-258, -112, 1355
-307, -138, 1364
-306, -136, 1373
-328, -150, 1341
-373, -157, 1270
-390, -142, 1218
-387, -134, 1142
-395, -147, 1064
-394, -143, 995
-414, -130, 876
-434, -103, 749
-434, -103, 749
-469, -79, 605
-486, -73, 572
-436, -53, 578
-342, -32, 590
-267, 33, 563
-218, 77, 563
-139, 124, 570
-108, 104, 579
-108, 104, 579
-95, 73, 594
-75, 65, 556
-108, 73, 480
-147, 93, 410
-147, 93, 410
-93, 89, 395
87, 42, 572
254, -11, 763
315, -4, 779
315, -4, 779
374, 13, 812
446, -14, 893
484, -29, 947
483, -27, 940
483, -27, 940
496, -30, 923
478, -30, 871
473, -32, 852
468, -56, 846
439, -123, 756
439, -123, 756
466, -145, 1069
513, -112, 962
556, -139, 1107
543, -180, 1107
545, -191, 1229
542, -155, 1259
510, -108, 1184
465, -103, 1178
417, -148, 1170
389, -195, 1151
390, -198, 1134
440, -183, 1192
519, -205, 1321
565, -236, 1404
565, -236, 1404
561, -252, 1381
-,-,-
12, -254, 1344
-3, -280, 1416
-3, -280, 1416
-12, -252, 1407
2, -223, 1448
5, -180, 1487
-15, -148, 1478
-45, -147, 1466
-102, -173, 1456
-167, -148, 1402
-206, -103, 1317
-248, -87, 1236
-282, -72, 1156
-300, -91, 1117
-311, -87, 1056
-324, -75, 979
-324, -75, 979
-330, -51, 885
-358, -25, 798
-371, -28, 733
-345, -30, 655
-328, -28, 598
-297, -28, 563
-241, -2, 541
-241, -2, 541
-203, 31, 526
-183, 61, 499
-157, 69, 503
-132, 74, 484
-151, 74, 434
-151, 74, 434
-144, 94, 420
-67, 74, 468
15, 60, 522
80, 57, 583
80, 57, 583
114, 42, 614
158, 16, 680
184, -15, 741
184, -15, 741
243, -15, 808
285, -7, 858
331, -29, 929
338, -58, 983
338, -58, 983
312, -80, 986
280, -147, 889
325, -230, 1261
325, -152, 1085
376, -169, 1079
352, -200, 1004
380, -350, 1184
374, -337, 1174
404, -274, 1154
426, -236, 1100
449, -229, 1126
449, -229, 1126
471, -222, 1135
509, -220, 1339
585, -352, 1696
681, -498, 1862
562, -443, 1586
446, -271, 1209
386, -183, 1018
411, -178, 1016
-,-,-
159, -381, 1487
192, -340, 1497
195, -291, 1578
196, -253, 1601
165, -233, 1580
111, -227, 1547
43, -239, 1514
15, -226, 1490
-5, -201, 1447
-5, -201, 1447
-52, -178, 1365
-121, -149, 1249
-169, -135, 1149
-222, -130, 1044
-246, -142, 968
-259, -129, 888
-281, -116, 806
-276, -80, 751
-291, -53, 688
-316, -23, 652
-346, 16, 621
-338, 54, 598
-338, 54, 598
-291, 39, 630
-224, 27, 680
-152, 16, 721
-87, 15, 729
-87, 15, 729
-94, 49, 653
-120, 52, 580
-122, 27, 531
-86, 27, 514
-86, 27, 514
-11, 16, 571
60, 20, 635
105, 21, 666
105, 21, 666
138, -9, 710
179, -46, 762
221, -44, 780
244, -37, 781
269, -34, 809
269, -34, 809
289, -27, 838
330, -28, 888
343, -60, 921
300, -93, 910
300, -93, 910
276, -156, 897
306, -173, 893
333, -150, 913
368, -145, 999
401, -192, 975
405, -224, 1116
397, -168, 1053
439, -181, 1080
479, -169, 1092
479, -169, 1092
478, -166, 1110
442, -167, 1076
423, -140, 1023
437, -164, 1038
456, -181, 1070
497, -159, 1104
531, -168, 1172
593, -167, 1226
642, -187, 1293
690, -219, 1382
